time,ask,bid,ask_volume,bid_volume
2022-05-04 14:25:00.208000,1.08872,1.08822,54,50
2022-05-04 14:25:00.901000,1.08867,1.08817,54,50
2022-05-04 14:25:01.160000,1.08872,1.08822,54,50
2022-05-04 14:25:01.343000,1.08877,1.08827,54,50
2022-05-04 14:25:01.882000,1.08872,1.08822,54,50
2022-05-04 14:25:02.229000,1.08907,1.08857,431,50
2022-05-04 14:25:02.280000,1.08888,1.08802,269,361
2022-05-04 14:25:02.363000,1.08926,1.08874,54,50
2022-05-04 14:25:02.476000,1.08937,1.08887,54,50
2022-05-04 14:25:02.623000,1.08927,1.08877,54,54
2022-05-04 14:25:02.728000,1.08967,1.08917,431,50
2022-05-04 14:25:02.782000,1.08952,1.08902,431,50
2022-05-04 14:25:02.833000,1.08952,1.08902,54,50
2022-05-04 14:25:02.968000,1.08967,1.08917,54,50
2022-05-04 14:25:03.119000,1.08962,1.08912,54,50
2022-05-04 14:25:03.220000,1.08939,1.08889,54,433
2022-05-04 14:25:03.653000,1.08937,1.08887,54,50
2022-05-04 14:25:03.804000,1.08932,1.08882,54,50
2022-05-04 14:25:04.218000,1.08927,1.08877,54,50
2022-05-04 14:25:04.429000,1.08922,1.08872,54,50
2022-05-04 14:25:04.972000,1.08917,1.08867,54,50
2022-05-04 14:25:05.129000,1.08912,1.08862,54,50
2022-05-04 14:25:05.230000,1.08917,1.08867,54,50
2022-05-04 14:25:05.851000,1.08912,1.08862,54,50
2022-05-04 14:25:06.221000,1.08917,1.08867,54,50
2022-05-04 14:25:06.333000,1.08899,1.08849,54,433
2022-05-04 14:25:06.705000,1.08898,1.08848,269,50
2022-05-04 14:25:06.834000,1.08887,1.08837,54,50
2022-05-04 14:25:06.939000,1.08902,1.08852,431,50
2022-05-04 14:25:07.040000,1.08902,1.08852,54,50
2022-05-04 14:25:07.187000,1.08907,1.08857,54,50
2022-05-04 14:25:07.319000,1.08912,1.08862,54,50
2022-05-04 14:25:08.140000,1.08917,1.08867,54,50
2022-05-04 14:25:09.925000,1.08912,1.08862,54,50
2022-05-04 14:25:11.559000,1.08908,1.08858,269,50
2022-05-04 14:25:11.609000,1.08892,1.08842,54,50
2022-05-04 14:25:12.046000,1.08897,1.08847,54,50
2022-05-04 14:25:13.300000,1.08892,1.08842,54,50
2022-05-04 14:25:15.363000,1.08887,1.08837,54,50
2022-05-04 14:25:17.344000,1.08867,1.08817,54,54
2022-05-04 14:25:17.489000,1.08867,1.08817,54,54
2022-05-04 14:25:18.872000,1.08872,1.08822,54,50
2022-05-04 14:25:20.626000,1.08877,1.08827,54,50
2022-05-04 14:25:21.348000,1.08882,1.08832,54,50
2022-05-04 14:25:22.387000,1.08877,1.08827,54,50
2022-05-04 14:25:22.810000,1.08887,1.08837,54,50
2022-05-04 14:25:23.599000,1.08881,1.08831,54,50
2022-05-04 14:25:26.134000,1.08892,1.08842,54,1
2022-05-04 14:25:26.245000,1.08907,1.08857,54,50
2022-05-04 14:25:26.378000,1.08902,1.08852,54,50
2022-05-04 14:25:26.633000,1.08887,1.08837,54,54
2022-05-04 14:25:27.173000,1.08892,1.08842,54,50
2022-05-04 14:25:27.786000,1.08897,1.08847,54,50
2022-05-04 14:25:28.301000,1.08892,1.08842,54,50
2022-05-04 14:25:29.463000,1.08902,1.08852,54,50
2022-05-04 14:25:30.210000,1.08897,1.08847,54,50
2022-05-04 14:25:32.371000,1.08887,1.08837,54,54
2022-05-04 14:25:35.400000,1.08907,1.08857,431,50
2022-05-04 14:25:35.501000,1.08907,1.08857,54,50
2022-05-04 14:25:35.552000,1.08897,1.08847,54,54
2022-05-04 14:25:35.667000,1.08892,1.08842,54,50
2022-05-04 14:25:36.804000,1.08882,1.08832,54,50
2022-05-04 14:25:39.118000,1.08872,1.08822,54,50
2022-05-04 14:25:41.203000,1.08882,1.08832,54,50
2022-05-04 14:25:41.426000,1.08897,1.08847,54,50
2022-05-04 14:25:41.571000,1.08892,1.08842,54,50
2022-05-04 14:25:43.077000,1.08882,1.08832,54,50
2022-05-04 14:25:45.698000,1.08887,1.08837,54,50
2022-05-04 14:25:46.047000,1.08912,1.08862,431,50
2022-05-04 14:25:46.131000,1.08892,1.08842,54,50
2022-05-04 14:25:46.566000,1.08887,1.08837,54,50
2022-05-04 14:25:47.064000,1.08892,1.08842,54,50
2022-05-04 14:25:48.132000,1.08887,1.08837,54,50
2022-05-04 14:25:49.203000,1.08907,1.08857,431,50
2022-05-04 14:25:49.253000,1.08907,1.08857,54,50
2022-05-04 14:25:49.366000,1.08917,1.08867,54,50
2022-05-04 14:25:49.572000,1.08937,1.08887,54,50
2022-05-04 14:25:50.061000,1.08932,1.08882,54,50
2022-05-04 14:25:50.534000,1.08927,1.08877,54,50
2022-05-04 14:25:50.809000,1.08896,1.08846,54,1
2022-05-04 14:25:50.927000,1.08897,1.08847,54,54
2022-05-04 14:25:51.053000,1.08892,1.08842,54,54
2022-05-04 14:25:51.222000,1.08892,1.08842,54,50
2022-05-04 14:25:51.571000,1.08888,1.08838,269,50
2022-05-04 14:25:52.092000,1.08881,1.08831,54,50
2022-05-04 14:25:52.265000,1.08867,1.08817,54,50
2022-05-04 14:25:52.509000,1.08872,1.08822,54,50
2022-05-04 14:25:52.979000,1.08877,1.08827,54,50
2022-05-04 14:25:53.357000,1.08867,1.08817,54,50
2022-05-04 14:25:53.516000,1.08862,1.08812,54,50
2022-05-04 14:25:53.835000,1.08866,1.08814,54,50
2022-05-04 14:25:54.213000,1.08867,1.08817,54,50
2022-05-04 14:25:54.630000,1.08862,1.08812,54,50
2022-05-04 14:25:55.746000,1.08857,1.08807,54,50
2022-05-04 14:25:56.002000,1.08847,1.08797,54,50
2022-05-04 14:25:56.122000,1.08852,1.08802,54,50
2022-05-04 14:25:56.281000,1.08862,1.08812,54,50
2022-05-04 14:25:57.353000,1.08857,1.08807,54,50
2022-05-04 14:25:57.601000,1.08842,1.08792,54,50
2022-05-04 14:25:57.931000,1.08847,1.08797,54,50
2022-05-04 14:25:58.777000,1.08851,1.08801,54,50
2022-05-04 14:25:59.746000,1.08852,1.08802,54,271
2022-05-04 14:25:59.930000,1.08867,1.08817,54,50
2022-05-04 14:26:00.348000,1.08872,1.08822,54,50
2022-05-04 14:26:00.571000,1.08867,1.08817,54,50
2022-05-04 14:26:00.901000,1.08862,1.08812,54,50
2022-05-04 14:26:01.117000,1.08837,1.08787,54,50
2022-05-04 14:26:02.742000,1.08852,1.08802,54,50
2022-05-04 14:26:02.969000,1.08847,1.08797,54,50
2022-05-04 14:26:03.106000,1.08842,1.08792,54,50
2022-05-04 14:26:03.212000,1.08837,1.08787,54,50
2022-05-04 14:26:03.628000,1.08832,1.08782,54,50
2022-05-04 14:26:03.872000,1.08837,1.08787,54,50
2022-05-04 14:26:07.848000,1.08852,1.08802,54,50
2022-05-04 14:26:09.162000,1.08857,1.08807,54,50
2022-05-04 14:26:11.845000,1.08872,1.08822,54,50
2022-05-04 14:26:11.959000,1.08851,1.08801,54,50
2022-05-04 14:26:12.178000,1.08842,1.08792,54,50
2022-05-04 14:26:20.800000,1.08817,1.08767,54,54
2022-05-04 14:26:20.964000,1.08817,1.08767,54,50
2022-05-04 14:26:27.993000,1.08812,1.08762,54,50
2022-05-04 14:26:28.172000,1.08786,1.08736,54,50
2022-05-04 14:26:28.274000,1.08777,1.08727,54,50
2022-05-04 14:26:28.468000,1.08782,1.08732,54,50
2022-05-04 14:26:29.376000,1.08802,1.08752,54,50
2022-05-04 14:26:30.366000,1.08786,1.08736,54,54
2022-05-04 14:26:30.667000,1.08767,1.08717,54,54
2022-05-04 14:26:31.035000,1.08772,1.08722,54,50
2022-05-04 14:26:33.725000,1.08767,1.08717,54,50
2022-05-04 14:26:34.337000,1.08772,1.08722,54,50
2022-05-04 14:26:35.284000,1.08777,1.08727,54,50
2022-05-04 14:26:35.494000,1.08782,1.08732,54,50
2022-05-04 14:26:35.639000,1.08792,1.08742,54,50
2022-05-04 14:26:35.757000,1.08802,1.08752,54,50
2022-05-04 14:26:36.266000,1.08777,1.08727,54,54
2022-05-04 14:26:36.316000,1.08777,1.08727,54,54
2022-05-04 14:26:37.118000,1.08792,1.08742,431,50
2022-05-04 14:26:37.219000,1.08792,1.08742,54,50
2022-05-04 14:26:37.362000,1.08786,1.08736,54,50
2022-05-04 14:26:40.769000,1.08782,1.08732,54,50
2022-05-04 14:26:41.336000,1.08792,1.08742,54,50
2022-05-04 14:26:41.504000,1.08786,1.08736,54,50
2022-05-04 14:26:43.370000,1.08782,1.08732,54,50
2022-05-04 14:26:44.145000,1.08802,1.08752,54,50
2022-05-04 14:26:44.696000,1.08812,1.08762,54,50
2022-05-04 14:26:44.881000,1.08807,1.08757,54,50
2022-05-04 14:26:45.134000,1.08802,1.08752,54,50
2022-05-04 14:26:45.538000,1.08812,1.08762,54,50
2022-05-04 14:26:46.261000,1.08802,1.08752,54,50
2022-05-04 14:26:47.785000,1.08812,1.08762,54,50
2022-05-04 14:26:48.377000,1.08817,1.08767,54,50
2022-05-04 14:26:48.837000,1.08822,1.08772,54,50
2022-05-04 14:26:50.347000,1.08837,1.08787,54,50
2022-05-04 14:26:50.772000,1.08832,1.08782,54,50
2022-05-04 14:26:51.257000,1.08842,1.08792,54,50
2022-05-04 14:26:51.427000,1.08837,1.08787,54,50
2022-05-04 14:26:52.739000,1.08827,1.08777,54,50
2022-05-04 14:26:54.528000,1.08822,1.08772,54,50
2022-05-04 14:26:58.550000,1.08826,1.08774,54,50
2022-05-04 14:26:58.701000,1.08822,1.08772,54,50
2022-05-04 14:26:59.127000,1.08832,1.08782,54,50
2022-05-04 14:26:59.794000,1.08827,1.08777,54,50
2022-05-04 14:27:00.651000,1.08837,1.08787,54,50
2022-05-04 14:27:01.472000,1.08832,1.08782,54,50
2022-05-04 14:27:01.727000,1.08837,1.08787,54,50
2022-05-04 14:27:02.200000,1.08832,1.08782,54,50
2022-05-04 14:27:02.489000,1.08837,1.08787,54,50
2022-05-04 14:27:04.453000,1.08819,1.08769,54,433
2022-05-04 14:27:06.012000,1.08832,1.08782,54,50
2022-05-04 14:27:07.152000,1.08837,1.08787,54,50
2022-05-04 14:27:07.512000,1.08822,1.08772,54,50
2022-05-04 14:27:09.646000,1.08827,1.08777,54,50
2022-05-04 14:27:10.299000,1.08851,1.08801,431,50
2022-05-04 14:27:10.407000,1.08837,1.08787,54,54
2022-05-04 14:27:10.493000,1.08837,1.08787,54,50
2022-05-04 14:27:10.706000,1.08842,1.08792,54,50
2022-05-04 14:27:10.945000,1.08832,1.08782,54,50
2022-05-04 14:27:11.700000,1.08827,1.08777,54,50
2022-05-04 14:27:12.202000,1.08832,1.08782,54,50
2022-05-04 14:27:14.986000,1.08842,1.08792,54,50
2022-05-04 14:27:15.433000,1.08847,1.08797,54,50
2022-05-04 14:27:15.717000,1.08842,1.08792,54,50
2022-05-04 14:27:15.834000,1.08847,1.08797,54,50
2022-05-04 14:27:17.154000,1.08829,1.08779,54,433
2022-05-04 14:27:18.144000,1.08827,1.08777,54,50
2022-05-04 14:27:18.195000,1.08838,1.08762,269,361
2022-05-04 14:27:18.322000,1.08898,1.08848,269,50
2022-05-04 14:27:18.372000,1.08897,1.08847,54,50
2022-05-04 14:27:18.474000,1.08892,1.08842,54,50
2022-05-04 14:27:19.135000,1.08887,1.08837,54,50
2022-05-04 14:27:20.212000,1.08881,1.08831,54,50
2022-05-04 14:27:21.052000,1.08887,1.08837,54,50
2022-05-04 14:27:22.627000,1.08892,1.08842,54,50
2022-05-04 14:27:24.232000,1.08882,1.08832,54,50
2022-05-04 14:27:25.076000,1.08887,1.08837,54,50
2022-05-04 14:27:25.243000,1.08882,1.08832,54,50
2022-05-04 14:27:27.594000,1.08892,1.08842,54,50
2022-05-04 14:27:28.904000,1.08879,1.08829,54,433
2022-05-04 14:27:29.475000,1.08877,1.08827,54,50
2022-05-04 14:27:31.589000,1.08872,1.08822,54,50
2022-05-04 14:27:32.009000,1.08859,1.08809,54,433
2022-05-04 14:27:32.412000,1.08867,1.08817,54,50
2022-05-04 14:27:33.411000,1.08862,1.08812,54,50
2022-05-04 14:27:36.549000,1.08867,1.08817,54,50
2022-05-04 14:27:36.660000,1.08862,1.08812,54,50
2022-05-04 14:27:41.253000,1.08817,1.08767,54,54
2022-05-04 14:27:41.413000,1.08817,1.08767,54,50
2022-05-04 14:27:48.582000,1.08797,1.08747,54,50
2022-05-04 14:27:48.750000,1.08779,1.08729,54,433
2022-05-04 14:27:49.014000,1.08759,1.08709,54,433
2022-05-04 14:27:49.117000,1.08767,1.08717,54,50
2022-05-04 14:27:49.268000,1.08777,1.08727,54,50
2022-05-04 14:27:51.817000,1.08759,1.08709,54,433
2022-05-04 14:27:53.486000,1.08756,1.08706,54,50
2022-05-04 14:27:54.041000,1.08747,1.08697,54,54
2022-05-04 14:27:54.176000,1.08742,1.08692,54,50
2022-05-04 14:27:54.288000,1.08752,1.08702,54,50
2022-05-04 14:27:54.397000,1.08748,1.08698,269,50
2022-05-04 14:27:55.251000,1.08742,1.08692,54,50
2022-05-04 14:27:55.472000,1.08752,1.08702,54,50
2022-05-04 14:27:56.520000,1.08747,1.08697,54,50
2022-05-04 14:27:56.845000,1.08752,1.08702,54,50
2022-05-04 14:27:57.004000,1.08747,1.08697,54,50
2022-05-04 14:27:57.828000,1.08752,1.08702,54,50
2022-05-04 14:27:58.773000,1.08747,1.08697,54,50
2022-05-04 14:27:59.103000,1.08756,1.08706,54,50
2022-05-04 14:27:59.229000,1.08752,1.08702,54,50
2022-05-04 14:28:00.148000,1.08746,1.08694,54,50
2022-05-04 14:28:00.246000,1.08726,1.08676,54,271
2022-05-04 14:28:00.355000,1.08726,1.08674,54,50
2022-05-04 14:28:00.464000,1.08706,1.08654,54,54
2022-05-04 14:28:00.640000,1.08682,1.08632,54,54
2022-05-04 14:28:00.691000,1.08682,1.08632,54,50
2022-05-04 14:28:00.741000,1.08662,1.08612,54,54
2022-05-04 14:28:00.831000,1.08662,1.08612,54,50
2022-05-04 14:28:01.002000,1.08658,1.08608,269,50
2022-05-04 14:28:01.147000,1.08656,1.08604,54,50
2022-05-04 14:28:01.507000,1.08652,1.08602,54,50
2022-05-04 14:28:01.658000,1.08666,1.08614,54,50
2022-05-04 14:28:01.839000,1.08676,1.08624,54,50
2022-05-04 14:28:01.996000,1.08672,1.08622,54,50
2022-05-04 14:28:02.519000,1.08662,1.08612,54,50
2022-05-04 14:28:02.620000,1.08656,1.08604,54,54
2022-05-04 14:28:02.771000,1.08662,1.08612,54,50
2022-05-04 14:28:03.397000,1.08652,1.08602,54,50
2022-05-04 14:28:03.531000,1.08642,1.08592,54,50
2022-05-04 14:28:03.736000,1.08647,1.08597,54,50
2022-05-04 14:28:05.232000,1.08652,1.08602,54,271
2022-05-04 14:28:05.283000,1.08672,1.08622,54,50
2022-05-04 14:28:05.976000,1.08652,1.08602,54,50
2022-05-04 14:28:06.327000,1.08672,1.08622,54,50
2022-05-04 14:28:07.305000,1.08682,1.08632,54,50
2022-05-04 14:28:08.064000,1.08676,1.08624,54,50
2022-05-04 14:28:08.700000,1.08682,1.08632,54,50
2022-05-04 14:28:09.578000,1.08677,1.08627,54,50
2022-05-04 14:28:09.900000,1.08682,1.08632,54,50
2022-05-04 14:28:10.183000,1.08686,1.08634,54,50
2022-05-04 14:28:14.821000,1.08696,1.08644,54,50
2022-05-04 14:28:15.411000,1.08696,1.08634,54,50
2022-05-04 14:28:16.864000,1.08716,1.08664,54,50
2022-05-04 14:28:18.603000,1.08696,1.08644,54,50
2022-05-04 14:28:18.742000,1.08706,1.08654,54,50
2022-05-04 14:28:19.645000,1.08706,1.08644,54,50
2022-05-04 14:28:19.924000,1.08696,1.08644,54,50
2022-05-04 14:28:20.622000,1.08702,1.08652,54,50
2022-05-04 14:28:20.751000,1.08706,1.08654,54,50
2022-05-04 14:28:22.173000,1.08712,1.08662,54,50
2022-05-04 14:28:23.900000,1.08716,1.08664,54,50
2022-05-04 14:28:24.875000,1.08706,1.08654,54,50
2022-05-04 14:28:25.205000,1.08712,1.08662,54,50
2022-05-04 14:28:25.866000,1.08706,1.08654,54,50
2022-05-04 14:28:26.655000,1.08712,1.08662,54,50
2022-05-04 14:28:27.075000,1.08706,1.08654,54,50
2022-05-04 14:28:27.865000,1.08712,1.08662,54,50
2022-05-04 14:28:28.292000,1.08722,1.08672,54,50
2022-05-04 14:28:29.287000,1.08716,1.08664,54,50
2022-05-04 14:28:30.156000,1.08706,1.08654,54,50
2022-05-04 14:28:30.816000,1.08716,1.08664,54,50
2022-05-04 14:28:37.630000,1.08722,1.08672,54,50
2022-05-04 14:28:41.872000,1.08752,1.08702,431,50
2022-05-04 14:28:41.949000,1.08752,1.08702,54,50
2022-05-04 14:28:42.168000,1.08746,1.08694,54,50
2022-05-04 14:28:42.873000,1.08756,1.08704,54,50
2022-05-04 14:28:43.359000,1.08746,1.08694,54,50
2022-05-04 14:28:47.182000,1.08756,1.08704,54,50
2022-05-04 14:28:48.969000,1.08762,1.08712,54,50
2022-05-04 14:28:50.620000,1.08756,1.08704,54,50
2022-05-04 14:28:51.768000,1.08762,1.08712,54,50
2022-05-04 14:28:52.610000,1.08756,1.08704,54,50
2022-05-04 14:28:52.821000,1.08752,1.08702,54,50
2022-05-04 14:28:53.200000,1.08756,1.08704,54,50
2022-05-04 14:28:54.021000,1.08752,1.08702,54,50
2022-05-04 14:28:54.733000,1.08772,1.08722,54,50
2022-05-04 14:28:55.244000,1.08766,1.08714,54,50
2022-05-04 14:28:55.714000,1.08772,1.08722,54,50
2022-05-04 14:28:55.905000,1.08776,1.08724,54,50
2022-05-04 14:28:56.153000,1.08782,1.08732,54,50
2022-05-04 14:28:56.610000,1.08772,1.08722,54,50
2022-05-04 14:28:56.738000,1.08776,1.08724,54,50
2022-05-04 14:28:56.928000,1.08772,1.08722,54,50
2022-05-04 14:28:57.134000,1.08776,1.08724,54,50
2022-05-04 14:28:58.452000,1.08782,1.08732,54,50
2022-05-04 14:28:58.690000,1.08806,1.08744,54,50
2022-05-04 14:28:59.205000,1.08806,1.08754,54,50
2022-05-04 14:28:59.348000,1.08796,1.08744,54,50
2022-05-04 14:29:00.314000,1.08806,1.08754,54,50
2022-05-04 14:29:00.670000,1.08828,1.08774,269,50
2022-05-04 14:29:00.772000,1.08828,1.08754,269,50
2022-05-04 14:29:00.971000,1.08836,1.08754,54,54
2022-05-04 14:29:01.055000,1.08826,1.08774,54,50
2022-05-04 14:29:01.525000,1.08826,1.08754,54,54
2022-05-04 14:29:01.681000,1.08826,1.08764,54,50
2022-05-04 14:29:02.031000,1.08826,1.08774,54,50
2022-05-04 14:29:02.598000,1.08837,1.08787,54,50
2022-05-04 14:29:02.943000,1.08842,1.08792,54,50
2022-05-04 14:29:05.192000,1.08846,1.08794,54,50
2022-05-04 14:29:05.657000,1.08852,1.08802,54,50
2022-05-04 14:29:06.026000,1.08857,1.08807,54,50
2022-05-04 14:29:06.183000,1.08852,1.08802,54,50
2022-05-04 14:29:06.796000,1.08862,1.08812,54,50
2022-05-04 14:29:06.950000,1.08867,1.08817,54,50
2022-05-04 14:29:07.942000,1.08876,1.08824,54,50
2022-05-04 14:29:08.116000,1.08884,1.08834,269,50
2022-05-04 14:29:08.342000,1.08896,1.08834,54,50
2022-05-04 14:29:08.587000,1.08902,1.08852,54,50
2022-05-04 14:29:10.189000,1.08897,1.08847,54,50
2022-05-04 14:29:10.300000,1.08887,1.08837,54,54
2022-05-04 14:29:13.001000,1.08866,1.08814,54,54
2022-05-04 14:29:13.136000,1.08872,1.08822,54,50
2022-05-04 14:29:13.914000,1.08836,1.08786,67,271
2022-05-04 14:29:13.965000,1.08836,1.08784,67,50
2022-05-04 14:29:14.066000,1.08842,1.08792,54,50
2022-05-04 14:29:14.214000,1.08832,1.08782,54,50
2022-05-04 14:29:15.204000,1.08836,1.08784,54,50
2022-05-04 14:29:15.490000,1.08842,1.08792,67,50
2022-05-04 14:29:21.152000,1.08882,1.08832,54,50
2022-05-04 14:29:21.202000,1.08866,1.08784,54,54
2022-05-04 14:29:21.753000,1.08866,1.08794,54,50
2022-05-04 14:29:23.105000,1.08872,1.08822,54,50
2022-05-04 14:29:23.986000,1.08866,1.08802,54,271
2022-05-04 14:29:24.037000,1.08866,1.08794,54,50
2022-05-04 14:29:24.750000,1.08842,1.08792,54,50
2022-05-04 14:29:25.413000,1.08852,1.08802,54,50
2022-05-04 14:29:26.738000,1.08877,1.08827,431,50
2022-05-04 14:29:26.872000,1.08877,1.08827,54,50
2022-05-04 14:29:28.863000,1.08876,1.08814,54,50
2022-05-04 14:29:29.066000,1.08876,1.08804,54,50
2022-05-04 14:29:30.518000,1.08876,1.08784,54,54
2022-05-04 14:29:30.669000,1.08866,1.08784,54,50
2022-05-04 14:29:32.898000,1.08888,1.08762,359,1
2022-05-04 14:29:33.022000,1.08776,1.08664,54,50
2022-05-04 14:29:34.407000,1.08766,1.08664,54,50
2022-05-04 14:29:35.146000,1.08746,1.08664,54,50
2022-05-04 14:29:35.411000,1.08746,1.08644,54,54
2022-05-04 14:29:35.870000,1.08736,1.08644,54,50
2022-05-04 14:29:37.850000,1.08736,1.08654,54,50
2022-05-04 14:29:38.120000,1.08758,1.08704,269,50
2022-05-04 14:29:38.245000,1.08766,1.08704,54,50
2022-05-04 14:29:38.546000,1.08776,1.08714,54,50
2022-05-04 14:29:40.654000,1.08776,1.08724,54,50
2022-05-04 14:29:41.810000,1.08806,1.08724,54,50
2022-05-04 14:29:41.892000,1.08796,1.08724,54,50
2022-05-04 14:29:42.071000,1.08772,1.08722,54,50
2022-05-04 14:29:43.286000,1.08786,1.08724,54,50
2022-05-04 14:29:49.071000,1.08796,1.08724,54,50
2022-05-04 14:29:50.514000,1.08816,1.08724,54,50
2022-05-04 14:29:53.208000,1.08772,1.08722,54,50
2022-05-04 14:29:53.489000,1.08816,1.08744,54,50
2022-05-04 14:29:59.708000,1.08806,1.08744,54,50
2022-05-04 14:30:00.236000,1.08828,1.08722,359,1
2022-05-04 14:30:00.401000,1.08546,1.08454,54,50
2022-05-04 14:30:00.528000,1.08536,1.08454,54,50
2022-05-04 14:30:00.860000,1.08506,1.08432,54,1
2022-05-04 14:30:01.078000,1.08506,1.08414,54,50
2022-05-04 14:30:01.466000,1.08496,1.08414,54,50
2022-05-04 14:30:02.102000,1.08488,1.08414,269,50
2022-05-04 14:30:02.210000,1.08426,1.08376,54,271
2022-05-04 14:30:02.261000,1.08406,1.08354,54,54
2022-05-04 14:30:02.531000,1.08392,1.08342,54,50
2022-05-04 14:30:02.859000,1.08396,1.08344,54,50
2022-05-04 14:30:03.010000,1.08392,1.08342,54,50
2022-05-04 14:30:04.032000,1.08397,1.08347,54,50
2022-05-04 14:30:04.153000,1.08392,1.08342,54,50
2022-05-04 14:30:04.779000,1.08402,1.08352,54,50
2022-05-04 14:30:05.503000,1.08412,1.08362,54,50
2022-05-04 14:30:06.037000,1.08426,1.08374,54,50
2022-05-04 14:30:06.236000,1.08448,1.08394,269,50
2022-05-04 14:30:06.290000,1.08456,1.08394,54,50
2022-05-04 14:30:06.588000,1.08486,1.08414,54,50
2022-05-04 14:30:06.703000,1.08496,1.08434,54,50
2022-05-04 14:30:07.709000,1.08502,1.08452,54,50
2022-05-04 14:30:08.216000,1.08516,1.08464,54,50
2022-05-04 14:30:08.317000,1.08526,1.08464,54,50
2022-05-04 14:30:09.385000,1.08516,1.08404,54,50
2022-05-04 14:30:09.538000,1.08506,1.08414,54,50
2022-05-04 14:30:09.895000,1.08496,1.08414,54,50
2022-05-04 14:30:10.168000,1.08496,1.08424,54,50
2022-05-04 14:30:10.276000,1.08486,1.08424,54,50
2022-05-04 14:30:10.406000,1.08466,1.08414,54,50
2022-05-04 14:30:10.557000,1.08476,1.08424,54,50
2022-05-04 14:30:10.607000,1.08446,1.08392,54,1
2022-05-04 14:30:10.658000,1.08446,1.08374,54,50
2022-05-04 14:30:10.719000,1.08436,1.08374,54,50
2022-05-04 14:30:11.349000,1.08426,1.08374,54,50
2022-05-04 14:30:11.399000,1.08448,1.08352,269,361
2022-05-04 14:30:11.519000,1.08496,1.08434,54,50
2022-05-04 14:30:12.364000,1.08496,1.08442,54,271
2022-05-04 14:30:12.465000,1.08516,1.08464,54,50
2022-05-04 14:30:12.600000,1.08526,1.08474,54,50
2022-05-04 14:30:13.053000,1.08546,1.08494,54,50
2022-05-04 14:30:13.154000,1.08554,1.08504,269,50
2022-05-04 14:30:13.204000,1.08586,1.08504,54,50
2022-05-04 14:30:13.386000,1.08576,1.08514,54,50
2022-05-04 14:30:13.567000,1.08556,1.08464,54,50
2022-05-04 14:30:13.725000,1.08526,1.08454,54,50
2022-05-04 14:30:13.881000,1.08536,1.08464,54,50
2022-05-04 14:30:14.179000,1.08526,1.08464,54,50
2022-05-04 14:30:14.316000,1.08536,1.08474,54,50
2022-05-04 14:30:14.570000,1.08522,1.08472,54,50
2022-05-04 14:30:15,1.08556,1.08484,54,50
2022-05-04 14:30:15.152000,1.08546,1.08494,54,50
2022-05-04 14:30:15.212000,1.08578,1.08514,269,50
2022-05-04 14:30:15.263000,1.08568,1.08514,269,50
2022-05-04 14:30:15.354000,1.08566,1.08504,54,50
2022-05-04 14:30:15.505000,1.08566,1.08494,54,50
2022-05-04 14:30:15.874000,1.08526,1.08476,54,1
2022-05-04 14:30:15.925000,1.08526,1.08454,54,50
2022-05-04 14:30:17.142000,1.08516,1.08464,54,50
2022-05-04 14:30:17.263000,1.08526,1.08464,54,50
2022-05-04 14:30:17.407000,1.08522,1.08472,54,50
2022-05-04 14:30:17.921000,1.08506,1.08454,54,54
2022-05-04 14:30:19.138000,1.08526,1.08474,54,50
2022-05-04 14:30:19.339000,1.08536,1.08484,54,50
2022-05-04 14:30:19.608000,1.08556,1.08504,54,50
2022-05-04 14:30:20.151000,1.08576,1.08524,54,50
2022-05-04 14:30:20.201000,1.08598,1.08544,269,50
2022-05-04 14:30:20.268000,1.08576,1.08502,54,271
2022-05-04 14:30:20.352000,1.08576,1.08522,54,1
2022-05-04 14:30:20.523000,1.08576,1.08494,54,50
2022-05-04 14:30:20.688000,1.08566,1.08504,54,50
2022-05-04 14:30:20.739000,1.08506,1.08456,54,1
2022-05-04 14:30:20.864000,1.08506,1.08424,54,50
2022-05-04 14:30:20.915000,1.08496,1.08424,54,50
2022-05-04 14:30:21.134000,1.08516,1.08424,54,50
2022-05-04 14:30:21.535000,1.08528,1.08464,269,50
2022-05-04 14:30:21.586000,1.08556,1.08464,54,50
2022-05-04 14:30:22.142000,1.08556,1.08494,54,50
2022-05-04 14:30:22.271000,1.08526,1.08474,54,54
2022-05-04 14:30:22.380000,1.08522,1.08472,54,50
2022-05-04 14:30:22.715000,1.08502,1.08452,54,50
2022-05-04 14:30:23.197000,1.08486,1.08432,54,271
2022-05-04 14:30:23.264000,1.08486,1.08424,54,54
2022-05-04 14:30:23.482000,1.08492,1.08442,54,50
2022-05-04 14:30:23.554000,1.08476,1.08414,54,50
2022-05-04 14:30:23.809000,1.08476,1.08404,54,50
2022-05-04 14:30:24.022000,1.08496,1.08434,54,50
2022-05-04 14:30:24.190000,1.08476,1.08414,54,50
2022-05-04 14:30:24.508000,1.08436,1.08386,54,1
2022-05-04 14:30:24.637000,1.08488,1.08392,359,1
2022-05-04 14:30:24.747000,1.08406,1.08344,54,50
2022-05-04 14:30:24.873000,1.08436,1.08374,54,50
2022-05-04 14:30:25.005000,1.08436,1.08384,54,50
2022-05-04 14:30:25.455000,1.08396,1.08346,54,271
2022-05-04 14:30:25.571000,1.08416,1.08362,54,271
2022-05-04 14:30:25.629000,1.08416,1.08354,54,50
2022-05-04 14:30:25.680000,1.08436,1.08384,54,50
2022-05-04 14:30:26.236000,1.08442,1.08392,54,50
2022-05-04 14:30:26.533000,1.08462,1.08412,54,50
2022-05-04 14:30:26.584000,1.08478,1.08424,269,50
2022-05-04 14:30:26.635000,1.08486,1.08424,54,50
2022-05-04 14:30:26.685000,1.08486,1.08434,54,50
2022-05-04 14:30:27.229000,1.08506,1.08454,54,50
2022-05-04 14:30:27.517000,1.08486,1.08432,54,1
2022-05-04 14:30:27.568000,1.08486,1.08414,54,50
2022-05-04 14:30:27.970000,1.08466,1.08414,54,50
2022-05-04 14:30:28.314000,1.08476,1.08414,54,50
2022-05-04 14:30:28.467000,1.08466,1.08414,54,50
2022-05-04 14:30:28.655000,1.08486,1.08424,54,50
2022-05-04 14:30:28.941000,1.08466,1.08414,54,50
2022-05-04 14:30:29.552000,1.08486,1.08434,54,50
2022-05-04 14:30:30.392000,1.08502,1.08452,54,50
2022-05-04 14:30:30.564000,1.08522,1.08472,54,50
2022-05-04 14:30:30.816000,1.08526,1.08474,54,50
2022-05-04 14:30:30.935000,1.08516,1.08464,54,50
2022-05-04 14:30:31.052000,1.08506,1.08456,54,50
2022-05-04 14:30:31.197000,1.08478,1.08428,269,50
2022-05-04 14:30:31.248000,1.08472,1.08422,54,50
2022-05-04 14:30:31.432000,1.08462,1.08412,54,50
2022-05-04 14:30:31.536000,1.08442,1.08392,54,433
2022-05-04 14:30:31.767000,1.08436,1.08384,54,50
2022-05-04 14:30:31.923000,1.08432,1.08382,54,50
2022-05-04 14:30:32.042000,1.08426,1.08374,54,50
2022-05-04 14:30:32.143000,1.08446,1.08384,54,50
2022-05-04 14:30:32.264000,1.08446,1.08394,54,50
2022-05-04 14:30:32.539000,1.08474,1.08424,269,50
2022-05-04 14:30:32.718000,1.08476,1.08424,54,50
2022-05-04 14:30:32.769000,1.08492,1.08442,54,50
2022-05-04 14:30:32.848000,1.08486,1.08434,54,50
2022-05-04 14:30:33.362000,1.08492,1.08442,54,50
2022-05-04 14:30:33.932000,1.08486,1.08434,54,50
2022-05-04 14:30:34.352000,1.08482,1.08432,54,50
2022-05-04 14:30:34.743000,1.08476,1.08424,54,50
2022-05-04 14:30:34.877000,1.08472,1.08422,54,50
2022-05-04 14:30:35.342000,1.08436,1.08386,54,271
2022-05-04 14:30:35.392000,1.08436,1.08384,54,50
2022-05-04 14:30:35.827000,1.08446,1.08394,54,50
2022-05-04 14:30:35.950000,1.08432,1.08382,54,50
2022-05-04 14:30:36.101000,1.08422,1.08372,54,50
2022-05-04 14:30:36.762000,1.08417,1.08367,54,50
2022-05-04 14:30:37.143000,1.08406,1.08354,54,50
2022-05-04 14:30:37.580000,1.08412,1.08362,54,271
2022-05-04 14:30:37.631000,1.08426,1.08374,54,50
2022-05-04 14:30:37.734000,1.08406,1.08356,54,271
2022-05-04 14:30:37.785000,1.08406,1.08354,54,50
2022-05-04 14:30:37.992000,1.08402,1.08352,54,50
2022-05-04 14:30:38.560000,1.08412,1.08362,54,50
2022-05-04 14:30:38.975000,1.08446,1.08384,54,50
2022-05-04 14:30:39.037000,1.08436,1.08384,54,50
2022-05-04 14:30:39.195000,1.08442,1.08392,54,50
2022-05-04 14:30:39.356000,1.08446,1.08394,54,50
2022-05-04 14:30:39.502000,1.08436,1.08384,54,50
2022-05-04 14:30:39.729000,1.08446,1.08394,54,50
2022-05-04 14:30:40.708000,1.08452,1.08402,54,50
2022-05-04 14:30:41.286000,1.08472,1.08422,431,50
2022-05-04 14:30:41.504000,1.08449,1.08399,54,433
2022-05-04 14:30:41.946000,1.08468,1.08382,269,361
2022-05-04 14:30:42.162000,1.08527,1.08477,54,50
2022-05-04 14:30:42.263000,1.08552,1.08502,431,50
2022-05-04 14:30:42.330000,1.08552,1.08502,54,50
2022-05-04 14:30:42.400000,1.08582,1.08532,431,50
2022-05-04 14:30:42.499000,1.08578,1.08528,269,50
2022-05-04 14:30:42.886000,1.08577,1.08527,54,50
2022-05-04 14:30:43.289000,1.08587,1.08537,54,50
2022-05-04 14:30:43.402000,1.08592,1.08542,54,50
2022-05-04 14:30:43.598000,1.08582,1.08532,54,50
2022-05-04 14:30:43.834000,1.08586,1.08534,54,50
2022-05-04 14:30:44.072000,1.08572,1.08522,54,50
2022-05-04 14:30:44.173000,1.08602,1.08552,54,50
2022-05-04 14:30:45.136000,1.08597,1.08547,54,50
2022-05-04 14:30:45.294000,1.08617,1.08567,431,50
2022-05-04 14:30:45.347000,1.08617,1.08567,54,50
2022-05-04 14:30:45.451000,1.08612,1.08562,54,50
2022-05-04 14:30:45.635000,1.08606,1.08554,54,50
2022-05-04 14:30:45.906000,1.08612,1.08562,54,50
2022-05-04 14:30:46.158000,1.08602,1.08552,54,50
2022-05-04 14:30:46.513000,1.08612,1.08562,54,50
2022-05-04 14:30:46.850000,1.08642,1.08592,431,50
2022-05-04 14:30:46.968000,1.08661,1.08611,54,50
2022-05-04 14:30:47.019000,1.08657,1.08607,54,50
2022-05-04 14:30:47.138000,1.08642,1.08592,54,50
2022-05-04 14:30:47.322000,1.08647,1.08597,54,50
2022-05-04 14:30:47.991000,1.08636,1.08584,54,54
2022-05-04 14:30:48.578000,1.08627,1.08577,54,50
2022-05-04 14:30:49.568000,1.08607,1.08557,54,50
2022-05-04 14:30:49.833000,1.08602,1.08552,54,50
2022-05-04 14:30:50.640000,1.08607,1.08557,54,50
2022-05-04 14:30:50.793000,1.08612,1.08562,54,50
2022-05-04 14:30:50.945000,1.08622,1.08572,54,50
2022-05-04 14:30:51.313000,1.08612,1.08562,54,50
2022-05-04 14:30:51.653000,1.08602,1.08552,54,50
2022-05-04 14:30:51.919000,1.08562,1.08512,54,54
2022-05-04 14:30:52.026000,1.08562,1.08512,54,50
2022-05-04 14:30:52.276000,1.08552,1.08502,54,50
2022-05-04 14:30:52.384000,1.08556,1.08504,54,50
2022-05-04 14:30:52.803000,1.08552,1.08502,54,50
2022-05-04 14:30:53.595000,1.08536,1.08486,54,54
2022-05-04 14:30:54.207000,1.08552,1.08502,54,1
2022-05-04 14:30:54.258000,1.08556,1.08504,54,54
2022-05-04 14:30:54.341000,1.08562,1.08512,54,50
2022-05-04 14:30:54.599000,1.08556,1.08504,54,50
2022-05-04 14:30:54.764000,1.08542,1.08492,54,50
2022-05-04 14:30:55.067000,1.08552,1.08502,54,50
2022-05-04 14:30:55.389000,1.08506,1.08456,54,271
2022-05-04 14:30:55.519000,1.08506,1.08454,54,50
2022-05-04 14:30:55.760000,1.08497,1.08447,54,50
2022-05-04 14:30:55.995000,1.08466,1.08414,54,50
2022-05-04 14:30:56.048000,1.08452,1.08402,54,50
2022-05-04 14:30:56.202000,1.08457,1.08407,54,50
2022-05-04 14:30:56.423000,1.08452,1.08402,54,50
2022-05-04 14:30:56.874000,1.08462,1.08412,54,50
2022-05-04 14:30:57.580000,1.08482,1.08432,54,50
2022-05-04 14:30:57.829000,1.08487,1.08437,54,50
2022-05-04 14:30:58.035000,1.08497,1.08447,54,50
2022-05-04 14:30:58.261000,1.08512,1.08462,54,50
2022-05-04 14:30:58.367000,1.08522,1.08472,54,50
2022-05-04 14:30:58.764000,1.08526,1.08474,54,50
2022-05-04 14:30:58.993000,1.08532,1.08482,54,50
2022-05-04 14:30:59.110000,1.08522,1.08472,54,50
2022-05-04 14:30:59.273000,1.08527,1.08477,54,50
2022-05-04 14:30:59.481000,1.08532,1.08482,54,50
2022-05-04 14:31:00.621000,1.08506,1.08456,54,271
2022-05-04 14:31:00.699000,1.08506,1.08454,54,50
2022-05-04 14:31:00.751000,1.08512,1.08462,54,50
2022-05-04 14:31:00.937000,1.08506,1.08456,54,50
2022-05-04 14:31:01.601000,1.08522,1.08472,431,50
2022-05-04 14:31:01.741000,1.08522,1.08472,54,50
2022-05-04 14:31:02.020000,1.08518,1.08468,269,50
2022-05-04 14:31:02.121000,1.08506,1.08456,54,50
2022-05-04 14:31:02.232000,1.08489,1.08439,54,433
2022-05-04 14:31:02.346000,1.08482,1.08432,54,54
2022-05-04 14:31:02.397000,1.08482,1.08432,54,50
2022-05-04 14:31:02.590000,1.08512,1.08462,431,50
2022-05-04 14:31:02.695000,1.08512,1.08462,54,50
2022-05-04 14:31:02.796000,1.08517,1.08467,54,50
2022-05-04 14:31:03.060000,1.08527,1.08477,54,54
2022-05-04 14:31:03.254000,1.08512,1.08462,54,50
2022-05-04 14:31:03.590000,1.08506,1.08454,54,50
2022-05-04 14:31:03.853000,1.08502,1.08452,54,50
2022-05-04 14:31:03.981000,1.08492,1.08442,54,50
2022-05-04 14:31:04.484000,1.08506,1.08454,54,50
2022-05-04 14:31:04.633000,1.08497,1.08447,54,50
2022-05-04 14:31:04.784000,1.08492,1.08442,54,50
2022-05-04 14:31:04.991000,1.08522,1.08472,431,50
2022-05-04 14:31:05.248000,1.08497,1.08447,54,50
2022-05-04 14:31:05.311000,1.08502,1.08452,54,271
2022-05-04 14:31:05.481000,1.08497,1.08447,54,50
2022-05-04 14:31:06.344000,1.08492,1.08442,54,50
2022-05-04 14:31:06.658000,1.08482,1.08432,54,50
2022-05-04 14:31:07.087000,1.08492,1.08442,54,1
2022-05-04 14:31:07.147000,1.08517,1.08467,54,50
2022-05-04 14:31:07.826000,1.08557,1.08507,431,50
2022-05-04 14:31:07.944000,1.08557,1.08507,54,50
2022-05-04 14:31:08.627000,1.08539,1.08489,54,433
2022-05-04 14:31:08.755000,1.08532,1.08482,54,50
2022-05-04 14:31:08.868000,1.08552,1.08502,431,50
2022-05-04 14:31:08.988000,1.08552,1.08502,54,50
2022-05-04 14:31:09.173000,1.08557,1.08507,54,50
2022-05-04 14:31:09.322000,1.08567,1.08517,54,50
2022-05-04 14:31:09.423000,1.08572,1.08522,54,50
2022-05-04 14:31:09.525000,1.08582,1.08532,431,50
2022-05-04 14:31:09.662000,1.08582,1.08532,54,50
2022-05-04 14:31:10.042000,1.08587,1.08537,54,50
2022-05-04 14:31:10.763000,1.08592,1.08542,54,50
2022-05-04 14:31:10.907000,1.08577,1.08527,54,54
2022-05-04 14:31:10.971000,1.08577,1.08527,54,50
2022-05-04 14:31:11.362000,1.08572,1.08522,54,50
2022-05-04 14:31:11.489000,1.08576,1.08524,54,50
2022-05-04 14:31:11.831000,1.08572,1.08522,54,50
2022-05-04 14:31:12.587000,1.08542,1.08492,54,54
2022-05-04 14:31:12.637000,1.08542,1.08492,54,50
2022-05-04 14:31:13.122000,1.08547,1.08497,54,50
2022-05-04 14:31:13.338000,1.08567,1.08517,54,50
2022-05-04 14:31:13.485000,1.08572,1.08522,54,50
2022-05-04 14:31:13.592000,1.08547,1.08497,54,54
2022-05-04 14:31:13.642000,1.08547,1.08497,54,54
2022-05-04 14:31:13.707000,1.08539,1.08489,54,433
2022-05-04 14:31:14.080000,1.08562,1.08512,54,50
2022-05-04 14:31:14.213000,1.08572,1.08522,54,50
2022-05-04 14:31:14.449000,1.08562,1.08512,54,50
2022-05-04 14:31:15.463000,1.08552,1.08502,54,50
2022-05-04 14:31:15.982000,1.08557,1.08507,54,50
2022-05-04 14:31:16.492000,1.08552,1.08502,54,50
2022-05-04 14:31:17.147000,1.08557,1.08507,54,50
2022-05-04 14:31:18.104000,1.08572,1.08522,431,50
2022-05-04 14:31:18.292000,1.08572,1.08522,54,50
2022-05-04 14:31:18.692000,1.08567,1.08517,54,50
2022-05-04 14:31:18.822000,1.08562,1.08512,54,50
2022-05-04 14:31:19.992000,1.08552,1.08502,54,50
2022-05-04 14:31:20.272000,1.08522,1.08472,54,271
2022-05-04 14:31:20.322000,1.08536,1.08486,54,50
2022-05-04 14:31:20.791000,1.08532,1.08482,54,50
2022-05-04 14:31:21.425000,1.08536,1.08486,54,50
2022-05-04 14:31:22.111000,1.08567,1.08517,431,50
2022-05-04 14:31:22.257000,1.08557,1.08507,431,50
2022-05-04 14:31:22.370000,1.08549,1.08499,54,433
2022-05-04 14:31:22.953000,1.08539,1.08489,54,433
2022-05-04 14:31:23.098000,1.08552,1.08502,54,50
2022-05-04 14:31:24.279000,1.08546,1.08494,54,54
2022-05-04 14:31:24.576000,1.08536,1.08486,54,50
2022-05-04 14:31:24.765000,1.08552,1.08502,431,50
2022-05-04 14:31:24.976000,1.08552,1.08502,54,50
2022-05-04 14:31:25.284000,1.08542,1.08492,54,50
2022-05-04 14:31:25.569000,1.08546,1.08494,54,50
2022-05-04 14:31:26.134000,1.08536,1.08486,54,50
2022-05-04 14:31:26.624000,1.08528,1.08478,269,50
2022-05-04 14:31:26.874000,1.08512,1.08462,54,50
2022-05-04 14:31:26.989000,1.08502,1.08452,54,50
2022-05-04 14:31:27.099000,1.08506,1.08456,54,50
2022-05-04 14:31:27.316000,1.08502,1.08452,54,50
2022-05-04 14:31:28.322000,1.08487,1.08437,54,54
2022-05-04 14:31:28.433000,1.08476,1.08426,54,54
2022-05-04 14:31:28.747000,1.08472,1.08422,54,50
2022-05-04 14:31:29.869000,1.08462,1.08412,54,50
2022-05-04 14:31:29.980000,1.08452,1.08402,54,50
2022-05-04 14:31:30.106000,1.08442,1.08392,54,50
2022-05-04 14:31:30.504000,1.08452,1.08402,54,50
2022-05-04 14:31:31.366000,1.08442,1.08392,54,50
2022-05-04 14:31:31.851000,1.08432,1.08382,54,50
2022-05-04 14:31:32.484000,1.08422,1.08372,54,50
2022-05-04 14:31:32.585000,1.08442,1.08392,431,50
2022-05-04 14:31:32.689000,1.08442,1.08392,54,50
2022-05-04 14:31:33.747000,1.08437,1.08387,54,50
2022-05-04 14:31:34.614000,1.08397,1.08347,54,54
2022-05-04 14:31:34.664000,1.08448,1.08372,359,1
2022-05-04 14:31:34.844000,1.08362,1.08312,54,50
2022-05-04 14:31:34.985000,1.08357,1.08307,54,50
2022-05-04 14:31:35.155000,1.08347,1.08297,54,54
2022-05-04 14:31:35.325000,1.08352,1.08302,54,50
2022-05-04 14:31:35.454000,1.08367,1.08317,54,50
2022-05-04 14:31:35.815000,1.08372,1.08322,54,50
2022-05-04 14:31:36.115000,1.08356,1.08302,54,1
2022-05-04 14:31:36.170000,1.08348,1.08272,269,1
2022-05-04 14:31:36.231000,1.08342,1.08292,54,50
2022-05-04 14:31:36.445000,1.08362,1.08312,54,50
2022-05-04 14:31:36.558000,1.08372,1.08322,431,50
2022-05-04 14:31:36.676000,1.08392,1.08342,54,50
2022-05-04 14:31:36.880000,1.08397,1.08347,54,50
2022-05-04 14:31:37.004000,1.08386,1.08324,54,54
2022-05-04 14:31:37.054000,1.08386,1.08332,54,271
2022-05-04 14:31:37.155000,1.08362,1.08312,54,54
2022-05-04 14:31:37.206000,1.08362,1.08312,54,50
2022-05-04 14:31:37.290000,1.08372,1.08322,54,50
2022-05-04 14:31:38.425000,1.08337,1.08287,54,50
2022-05-04 14:31:38.566000,1.08342,1.08292,54,50
2022-05-04 14:31:38.755000,1.08352,1.08302,54,50
2022-05-04 14:31:38.913000,1.08362,1.08312,54,50
2022-05-04 14:31:39.773000,1.08352,1.08302,54,50
2022-05-04 14:31:39.877000,1.08346,1.08294,54,50
2022-05-04 14:31:39.992000,1.08352,1.08302,54,50
2022-05-04 14:31:40.405000,1.08346,1.08294,54,50
2022-05-04 14:31:40.536000,1.08352,1.08302,54,50
2022-05-04 14:31:40.672000,1.08346,1.08294,54,50
2022-05-04 14:31:40.787000,1.08342,1.08292,54,50
2022-05-04 14:31:40.961000,1.08327,1.08277,54,50
2022-05-04 14:31:41.140000,1.08322,1.08272,54,50
2022-05-04 14:31:41.913000,1.08316,1.08264,54,50
2022-05-04 14:31:42.145000,1.08322,1.08272,54,50
2022-05-04 14:31:42.262000,1.08332,1.08282,431,50
2022-05-04 14:31:42.363000,1.08362,1.08312,431,50
2022-05-04 14:31:42.430000,1.08362,1.08312,54,50
2022-05-04 14:31:42.872000,1.08357,1.08307,54,50
2022-05-04 14:31:43.045000,1.08339,1.08289,54,433
2022-05-04 14:31:43.228000,1.08332,1.08282,54,50
2022-05-04 14:31:43.857000,1.08322,1.08272,54,50
2022-05-04 14:31:43.959000,1.08282,1.08232,54,54
2022-05-04 14:31:44.010000,1.08307,1.08257,54,54
2022-05-04 14:31:44.434000,1.08297,1.08247,54,50
2022-05-04 14:31:45.289000,1.08292,1.08242,54,50
2022-05-04 14:31:45.460000,1.08297,1.08247,54,50
2022-05-04 14:31:46.110000,1.08317,1.08267,54,50
2022-05-04 14:31:46.481000,1.08306,1.08254,54,50
2022-05-04 14:31:46.675000,1.08312,1.08262,54,50
2022-05-04 14:31:46.807000,1.08317,1.08267,54,50
2022-05-04 14:31:47.005000,1.08322,1.08272,54,50
2022-05-04 14:31:47.538000,1.08326,1.08274,54,50
2022-05-04 14:31:47.690000,1.08322,1.08272,54,50
2022-05-04 14:31:47.896000,1.08332,1.08282,54,50
2022-05-04 14:31:49.158000,1.08362,1.08312,431,50
2022-05-04 14:31:49.280000,1.08362,1.08312,54,50
2022-05-04 14:31:49.664000,1.08352,1.08302,54,50
2022-05-04 14:31:49.835000,1.08362,1.08312,54,50
2022-05-04 14:31:50.823000,1.08367,1.08317,54,50
2022-05-04 14:31:51.351000,1.08349,1.08299,54,433
2022-05-04 14:31:51.460000,1.08362,1.08312,54,50
2022-05-04 14:31:52.156000,1.08352,1.08302,54,50
2022-05-04 14:31:53.361000,1.08367,1.08317,54,50
2022-05-04 14:31:54.289000,1.08362,1.08312,54,50
2022-05-04 14:31:54.688000,1.08377,1.08327,54,50
2022-05-04 14:31:55.320000,1.08372,1.08322,54,50
2022-05-04 14:31:56.274000,1.08382,1.08332,54,1
2022-05-04 14:31:56.443000,1.08372,1.08322,54,50
2022-05-04 14:31:56.663000,1.08382,1.08332,54,50
2022-05-04 14:31:57.205000,1.08372,1.08322,54,50
2022-05-04 14:31:57.744000,1.08362,1.08312,54,50
2022-05-04 14:31:58.140000,1.08352,1.08302,54,50
2022-05-04 14:31:58.511000,1.08357,1.08307,54,50
2022-05-04 14:31:58.726000,1.08392,1.08342,54,50
2022-05-04 14:31:59.037000,1.08382,1.08332,54,50
2022-05-04 14:31:59.290000,1.08392,1.08342,54,50
2022-05-04 14:31:59.454000,1.08382,1.08332,54,50
2022-05-04 14:31:59.665000,1.08392,1.08342,54,50
2022-05-04 14:32:00.798000,1.08377,1.08327,54,54
2022-05-04 14:32:00.849000,1.08377,1.08327,54,50
2022-05-04 14:32:01.246000,1.08368,1.08318,269,50
2022-05-04 14:32:01.447000,1.08357,1.08307,54,50
2022-05-04 14:32:01.881000,1.08372,1.08322,54,50
2022-05-04 14:32:02.017000,1.08377,1.08327,54,50
2022-05-04 14:32:03.533000,1.08386,1.08334,54,50
2022-05-04 14:32:03.746000,1.08392,1.08342,54,50
2022-05-04 14:32:04.103000,1.08406,1.08354,54,50
2022-05-04 14:32:04.402000,1.08392,1.08342,54,50
2022-05-04 14:32:04.532000,1.08387,1.08337,54,50
2022-05-04 14:32:05.199000,1.08392,1.08342,54,50
2022-05-04 14:32:05.537000,1.08402,1.08352,54,50
2022-05-04 14:32:05.833000,1.08397,1.08347,54,50
2022-05-04 14:32:06.635000,1.08392,1.08342,54,50
2022-05-04 14:32:06.833000,1.08388,1.08338,269,50
2022-05-04 14:32:07.164000,1.08382,1.08332,54,50
2022-05-04 14:32:07.604000,1.08386,1.08334,54,50
2022-05-04 14:32:07.715000,1.08382,1.08332,54,50
2022-05-04 14:32:08.566000,1.08392,1.08342,54,50
2022-05-04 14:32:09.147000,1.08402,1.08352,54,50
2022-05-04 14:32:09.586000,1.08407,1.08357,54,50
2022-05-04 14:32:09.744000,1.08412,1.08362,54,50
2022-05-04 14:32:10.256000,1.08426,1.08374,54,50
2022-05-04 14:32:10.465000,1.08422,1.08372,54,50
2022-05-04 14:32:10.839000,1.08387,1.08337,54,54
2022-05-04 14:32:10.973000,1.08382,1.08332,54,54
2022-05-04 14:32:11.024000,1.08382,1.08332,54,50
2022-05-04 14:32:11.113000,1.08372,1.08322,54,50
2022-05-04 14:32:11.972000,1.08377,1.08327,54,50
2022-05-04 14:32:13.141000,1.08382,1.08332,54,50
2022-05-04 14:32:13.295000,1.08397,1.08347,54,50
2022-05-04 14:32:13.647000,1.08392,1.08342,54,50
2022-05-04 14:32:13.848000,1.08397,1.08347,54,50
2022-05-04 14:32:13.977000,1.08402,1.08352,54,50
2022-05-04 14:32:14.350000,1.08422,1.08372,431,50
2022-05-04 14:32:14.451000,1.08402,1.08352,54,50
2022-05-04 14:32:15.378000,1.08392,1.08342,54,50
2022-05-04 14:32:15.858000,1.08397,1.08347,54,50
2022-05-04 14:32:16.283000,1.08412,1.08362,431,50
2022-05-04 14:32:16.429000,1.08412,1.08362,54,50
2022-05-04 14:32:16.556000,1.08392,1.08342,54,50
2022-05-04 14:32:16.668000,1.08388,1.08338,269,50
2022-05-04 14:32:16.940000,1.08382,1.08332,54,50
2022-05-04 14:32:17.049000,1.08367,1.08317,54,54
2022-05-04 14:32:17.704000,1.08372,1.08322,54,50
2022-05-04 14:32:18.360000,1.08367,1.08317,54,50
2022-05-04 14:32:18.522000,1.08397,1.08347,431,50
2022-05-04 14:32:18.572000,1.08397,1.08347,54,50
2022-05-04 14:32:18.644000,1.08392,1.08342,54,50
2022-05-04 14:32:18.775000,1.08402,1.08352,54,50
2022-05-04 14:32:19.448000,1.08392,1.08342,54,50
2022-05-04 14:32:19.668000,1.08402,1.08352,54,50
2022-05-04 14:32:19.819000,1.08447,1.08397,431,50
2022-05-04 14:32:19.870000,1.08427,1.08377,431,50
2022-05-04 14:32:19.971000,1.08432,1.08382,431,50
2022-05-04 14:32:20.093000,1.08417,1.08367,54,54
2022-05-04 14:32:20.218000,1.08417,1.08367,54,50
2022-05-04 14:32:20.302000,1.08407,1.08357,54,50
2022-05-04 14:32:20.482000,1.08412,1.08362,54,50
2022-05-04 14:32:20.643000,1.08402,1.08352,54,50
2022-05-04 14:32:21.244000,1.08392,1.08342,54,50
2022-05-04 14:32:21.671000,1.08382,1.08332,54,50
2022-05-04 14:32:22.167000,1.08402,1.08352,431,50
2022-05-04 14:32:22.308000,1.08407,1.08357,431,50
2022-05-04 14:32:22.358000,1.08407,1.08357,54,50
2022-05-04 14:32:22.693000,1.08417,1.08367,54,50
2022-05-04 14:32:22.876000,1.08422,1.08372,54,50
2022-05-04 14:32:23.410000,1.08447,1.08397,431,50
2022-05-04 14:32:23.468000,1.08447,1.08397,54,50
2022-05-04 14:32:23.827000,1.08452,1.08402,54,50
2022-05-04 14:32:23.928000,1.08472,1.08422,431,50
2022-05-04 14:32:24.069000,1.08472,1.08422,54,50
2022-05-04 14:32:24.248000,1.08467,1.08417,54,50
2022-05-04 14:32:24.400000,1.08472,1.08422,54,50
2022-05-04 14:32:24.614000,1.08467,1.08417,54,50
2022-05-04 14:32:24.729000,1.08497,1.08447,431,50
2022-05-04 14:32:24.876000,1.08497,1.08447,54,50
2022-05-04 14:32:25.779000,1.08502,1.08452,54,271
2022-05-04 14:32:25.830000,1.08517,1.08467,54,50
2022-05-04 14:32:26.616000,1.08547,1.08497,431,50
2022-05-04 14:32:26.668000,1.08547,1.08497,54,50
2022-05-04 14:32:26.900000,1.08536,1.08484,54,54
2022-05-04 14:32:27.040000,1.08547,1.08497,54,50
2022-05-04 14:32:27.197000,1.08542,1.08492,54,50
2022-05-04 14:32:27.518000,1.08519,1.08469,54,433
2022-05-04 14:32:28.397000,1.08517,1.08467,54,50
2022-05-04 14:32:28.550000,1.08522,1.08472,54,50
2022-05-04 14:32:28.701000,1.08517,1.08467,54,50
2022-05-04 14:32:29.352000,1.08497,1.08447,54,50
2022-05-04 14:32:29.949000,1.08467,1.08417,54,54
2022-05-04 14:32:29.999000,1.08467,1.08417,54,50
2022-05-04 14:32:30.214000,1.08472,1.08422,54,50
2022-05-04 14:32:30.485000,1.08467,1.08417,54,50
2022-05-04 14:32:32.758000,1.08472,1.08422,54,271
2022-05-04 14:32:32.809000,1.08492,1.08442,54,50
2022-05-04 14:32:33.312000,1.08482,1.08432,54,50
2022-05-04 14:32:33.910000,1.08487,1.08437,54,50
2022-05-04 14:32:34.428000,1.08492,1.08442,54,50
2022-05-04 14:32:34.715000,1.08482,1.08432,54,50
2022-05-04 14:32:35.493000,1.08492,1.08442,54,50
2022-05-04 14:32:36.614000,1.08497,1.08447,54,50
2022-05-04 14:32:36.846000,1.08506,1.08456,54,50
2022-05-04 14:32:36.965000,1.08526,1.08474,54,50
2022-05-04 14:32:38.270000,1.08522,1.08472,54,50
2022-05-04 14:32:38.779000,1.08499,1.08449,54,433
2022-05-04 14:32:39.431000,1.08516,1.08464,54,50
2022-05-04 14:32:39.938000,1.08502,1.08452,54,50
2022-05-04 14:32:40.711000,1.08516,1.08464,54,50
2022-05-04 14:32:41.305000,1.08512,1.08462,54,50
2022-05-04 14:32:42.134000,1.08517,1.08467,54,50
2022-05-04 14:32:42.896000,1.08522,1.08472,54,50
2022-05-04 14:32:43.309000,1.08497,1.08447,431,50
2022-05-04 14:32:43.359000,1.08497,1.08447,54,50
2022-05-04 14:32:43.735000,1.08502,1.08452,54,50
2022-05-04 14:32:43.951000,1.08508,1.08442,269,361
2022-05-04 14:32:44.002000,1.08552,1.08502,54,50
2022-05-04 14:32:44.612000,1.08539,1.08489,54,433
2022-05-04 14:32:45.076000,1.08546,1.08494,54,50
2022-05-04 14:32:45.527000,1.08532,1.08482,54,50
2022-05-04 14:32:46.064000,1.08542,1.08492,54,50
2022-05-04 14:32:46.448000,1.08552,1.08502,54,50
2022-05-04 14:32:47.178000,1.08542,1.08492,54,50
2022-05-04 14:32:47.652000,1.08562,1.08512,54,50
2022-05-04 14:32:47.793000,1.08567,1.08517,54,50
2022-05-04 14:32:47.939000,1.08557,1.08507,54,50
2022-05-04 14:32:51.800000,1.08572,1.08522,54,50
2022-05-04 14:32:51.946000,1.08582,1.08532,54,1
2022-05-04 14:32:52.130000,1.08607,1.08557,54,50
2022-05-04 14:32:52.265000,1.08602,1.08552,54,50
2022-05-04 14:32:54.772000,1.08607,1.08557,54,50
2022-05-04 14:32:55.611000,1.08612,1.08562,54,50
2022-05-04 14:32:56.467000,1.08617,1.08567,54,50
2022-05-04 14:32:56.568000,1.08628,1.08552,359,1
2022-05-04 14:32:56.683000,1.08567,1.08517,54,50
2022-05-04 14:32:56.881000,1.08577,1.08527,54,50
2022-05-04 14:32:58.190000,1.08602,1.08552,431,50
2022-05-04 14:32:58.241000,1.08602,1.08552,54,50
2022-05-04 14:32:58.488000,1.08617,1.08567,54,50
2022-05-04 14:32:59.148000,1.08572,1.08522,54,54
2022-05-04 14:32:59.314000,1.08572,1.08522,54,50
2022-05-04 14:32:59.774000,1.08586,1.08534,54,50
2022-05-04 14:33:00.317000,1.08592,1.08542,54,50
2022-05-04 14:33:00.839000,1.08587,1.08537,54,50
2022-05-04 14:33:01.981000,1.08578,1.08528,269,50
2022-05-04 14:33:02.142000,1.08562,1.08512,54,50
2022-05-04 14:33:02.459000,1.08572,1.08522,54,50
2022-05-04 14:33:03.139000,1.08577,1.08527,54,50
2022-05-04 14:33:04.284000,1.08607,1.08557,431,50
2022-05-04 14:33:04.392000,1.08602,1.08552,431,50
2022-05-04 14:33:04.457000,1.08602,1.08552,54,50
2022-05-04 14:33:05.076000,1.08622,1.08572,431,50
2022-05-04 14:33:05.183000,1.08622,1.08572,54,50
2022-05-04 14:33:05.297000,1.08642,1.08592,54,50
2022-05-04 14:33:05.402000,1.08617,1.08567,54,54
2022-05-04 14:33:05.452000,1.08637,1.08587,54,50
2022-05-04 14:33:05.518000,1.08628,1.08578,269,50
2022-05-04 14:33:05.689000,1.08637,1.08587,54,50
2022-05-04 14:33:05.739000,1.08642,1.08592,54,50
2022-05-04 14:33:06.337000,1.08637,1.08587,54,50
2022-05-04 14:33:06.527000,1.08642,1.08592,54,50
2022-05-04 14:33:07.100000,1.08637,1.08587,54,50
2022-05-04 14:33:07.410000,1.08642,1.08592,54,50
2022-05-04 14:33:07.657000,1.08637,1.08587,54,50
2022-05-04 14:33:07.841000,1.08642,1.08592,54,50
2022-05-04 14:33:08.977000,1.08647,1.08597,54,50
2022-05-04 14:33:10.208000,1.08642,1.08592,54,50
2022-05-04 14:33:10.315000,1.08629,1.08579,54,433
2022-05-04 14:33:10.365000,1.08648,1.08582,359,1
2022-05-04 14:33:10.416000,1.08601,1.08551,54,50
2022-05-04 14:33:10.524000,1.08597,1.08547,54,54
2022-05-04 14:33:10.788000,1.08601,1.08551,54,50
2022-05-04 14:33:11.163000,1.08632,1.08582,431,50
2022-05-04 14:33:11.229000,1.08632,1.08582,54,433
2022-05-04 14:33:11.279000,1.08642,1.08592,54,50
2022-05-04 14:33:11.803000,1.08647,1.08597,54,50
2022-05-04 14:33:11.954000,1.08642,1.08592,54,50
2022-05-04 14:33:13.112000,1.08637,1.08587,54,50
2022-05-04 14:33:13.401000,1.08602,1.08552,54,54
2022-05-04 14:33:13.544000,1.08602,1.08552,54,50
2022-05-04 14:33:13.594000,1.08607,1.08557,54,50
2022-05-04 14:33:14.084000,1.08612,1.08562,54,50
2022-05-04 14:33:14.259000,1.08607,1.08557,54,54
2022-05-04 14:33:14.596000,1.08632,1.08582,431,50
2022-05-04 14:33:14.784000,1.08632,1.08582,54,50
2022-05-04 14:33:14.918000,1.08627,1.08577,54,50
2022-05-04 14:33:15.597000,1.08622,1.08572,54,50
2022-05-04 14:33:15.768000,1.08602,1.08552,54,50
2022-05-04 14:33:15.908000,1.08607,1.08557,54,50
2022-05-04 14:33:16.105000,1.08612,1.08562,54,50
2022-05-04 14:33:16.206000,1.08607,1.08557,54,50
2022-05-04 14:33:16.429000,1.08612,1.08562,54,50
2022-05-04 14:33:16.601000,1.08622,1.08572,54,50
2022-05-04 14:33:16.915000,1.08617,1.08567,54,50
2022-05-04 14:33:17.033000,1.08627,1.08577,54,50
2022-05-04 14:33:17.326000,1.08632,1.08582,54,50
2022-05-04 14:33:17.606000,1.08627,1.08577,54,50
2022-05-04 14:33:18.325000,1.08632,1.08582,54,50
2022-05-04 14:33:19.057000,1.08647,1.08597,54,50
2022-05-04 14:33:19.229000,1.08652,1.08602,54,50
2022-05-04 14:33:19.347000,1.08637,1.08587,54,50
2022-05-04 14:33:19.612000,1.08627,1.08577,54,54
2022-05-04 14:33:19.854000,1.08632,1.08582,54,50
2022-05-04 14:33:19.959000,1.08637,1.08587,54,50
2022-05-04 14:33:20.191000,1.08642,1.08592,54,50
2022-05-04 14:33:20.870000,1.08632,1.08582,54,50
2022-05-04 14:33:21.903000,1.08642,1.08592,54,50
2022-05-04 14:33:22.888000,1.08637,1.08587,54,50
2022-05-04 14:33:23.568000,1.08642,1.08592,54,50
2022-05-04 14:33:23.994000,1.08637,1.08587,54,50
2022-05-04 14:33:24.095000,1.08642,1.08592,54,50
2022-05-04 14:33:24.601000,1.08647,1.08597,54,50
2022-05-04 14:33:24.985000,1.08642,1.08592,54,50
2022-05-04 14:33:25.086000,1.08674,1.08624,269,50
2022-05-04 14:33:25.187000,1.08667,1.08617,431,50
2022-05-04 14:33:25.695000,1.08667,1.08617,54,50
2022-05-04 14:33:25.963000,1.08647,1.08597,54,54
2022-05-04 14:33:26.014000,1.08647,1.08597,54,50
2022-05-04 14:33:26.144000,1.08637,1.08587,54,54
2022-05-04 14:33:26.369000,1.08642,1.08592,54,50
2022-05-04 14:33:26.561000,1.08647,1.08597,54,50
2022-05-04 14:33:26.677000,1.08652,1.08602,54,50
2022-05-04 14:33:26.803000,1.08672,1.08622,431,50
2022-05-04 14:33:26.861000,1.08667,1.08617,54,50
2022-05-04 14:33:26.989000,1.08672,1.08622,54,50
2022-05-04 14:33:27.135000,1.08677,1.08627,54,50
2022-05-04 14:33:28.065000,1.08652,1.08602,54,54
2022-05-04 14:33:28.239000,1.08652,1.08602,54,50
2022-05-04 14:33:28.289000,1.08642,1.08592,54,50
2022-05-04 14:33:28.398000,1.08638,1.08588,269,50
2022-05-04 14:33:28.449000,1.08631,1.08581,54,50
2022-05-04 14:33:28.567000,1.08632,1.08582,54,271
2022-05-04 14:33:28.618000,1.08647,1.08597,54,50
2022-05-04 14:33:28.903000,1.08637,1.08587,54,50
2022-05-04 14:33:29.463000,1.08602,1.08552,54,54
2022-05-04 14:33:29.645000,1.08598,1.08548,269,50
2022-05-04 14:33:29.696000,1.08607,1.08557,431,50
2022-05-04 14:33:29.814000,1.08607,1.08557,54,50
2022-05-04 14:33:30.304000,1.08617,1.08567,54,50
2022-05-04 14:33:31.570000,1.08622,1.08572,54,50
2022-05-04 14:33:32.834000,1.08637,1.08587,54,50
2022-05-04 14:33:33.780000,1.08612,1.08562,54,54
2022-05-04 14:33:33.842000,1.08612,1.08562,54,50
2022-05-04 14:33:34.861000,1.08637,1.08587,431,50
2022-05-04 14:33:34.911000,1.08637,1.08587,54,50
2022-05-04 14:33:35.889000,1.08642,1.08592,54,50
2022-05-04 14:33:36.051000,1.08647,1.08597,54,50
2022-05-04 14:33:36.432000,1.08657,1.08607,54,50
2022-05-04 14:33:36.716000,1.08662,1.08612,54,50
2022-05-04 14:33:36.951000,1.08657,1.08607,54,50
2022-05-04 14:33:38.749000,1.08639,1.08589,54,433
2022-05-04 14:33:38.945000,1.08652,1.08602,54,50
2022-05-04 14:33:39.879000,1.08647,1.08597,54,50
2022-05-04 14:33:41.683000,1.08652,1.08602,54,50
2022-05-04 14:33:42.077000,1.08647,1.08597,54,50
2022-05-04 14:33:42.650000,1.08637,1.08587,54,54
2022-05-04 14:33:42.820000,1.08619,1.08569,54,433
2022-05-04 14:33:44.210000,1.08627,1.08577,54,50
2022-05-04 14:33:47.147000,1.08642,1.08592,431,50
2022-05-04 14:33:47.248000,1.08642,1.08592,54,50
2022-05-04 14:33:47.382000,1.08657,1.08607,54,50
2022-05-04 14:33:47.991000,1.08632,1.08582,54,54
2022-05-04 14:33:48.041000,1.08632,1.08582,54,50
2022-05-04 14:33:50.949000,1.08637,1.08587,54,50
2022-05-04 14:33:51.233000,1.08632,1.08582,54,50
2022-05-04 14:33:51.343000,1.08642,1.08592,54,50
2022-05-04 14:33:51.823000,1.08647,1.08597,54,50
2022-05-04 14:33:51.926000,1.08652,1.08602,54,50
2022-05-04 14:33:52.031000,1.08668,1.08614,269,50
2022-05-04 14:33:52.118000,1.08676,1.08614,54,50
2022-05-04 14:33:52.262000,1.08667,1.08617,54,50
2022-05-04 14:33:52.390000,1.08662,1.08612,54,50
2022-05-04 14:33:53.051000,1.08667,1.08617,54,50
2022-05-04 14:33:55.069000,1.08661,1.08611,54,50
2022-05-04 14:33:55.170000,1.08657,1.08607,54,54
2022-05-04 14:33:55.367000,1.08642,1.08592,54,50
2022-05-04 14:33:56.374000,1.08637,1.08587,54,50
2022-05-04 14:33:56.556000,1.08642,1.08592,54,50
2022-05-04 14:33:58.255000,1.08647,1.08597,54,50
2022-05-04 14:34:02.336000,1.08637,1.08587,54,54
2022-05-04 14:34:02.892000,1.08631,1.08581,54,50
2022-05-04 14:34:03.114000,1.08632,1.08582,54,271
2022-05-04 14:34:03.164000,1.08647,1.08597,54,50
2022-05-04 14:34:03.843000,1.08627,1.08577,54,54
2022-05-04 14:34:04.038000,1.08627,1.08577,54,50
2022-05-04 14:34:06.500000,1.08632,1.08582,54,50
2022-05-04 14:34:06.650000,1.08642,1.08592,54,50
2022-05-04 14:34:07.134000,1.08647,1.08597,54,50
2022-05-04 14:34:08.870000,1.08652,1.08602,54,50
2022-05-04 14:34:09.171000,1.08657,1.08607,54,50
2022-05-04 14:34:10.376000,1.08662,1.08612,54,50
2022-05-04 14:34:11.302000,1.08657,1.08607,54,50
2022-05-04 14:34:11.692000,1.08662,1.08612,54,50
2022-05-04 14:34:13.223000,1.08657,1.08607,54,50
2022-05-04 14:34:13.705000,1.08652,1.08602,54,50
2022-05-04 14:34:14.081000,1.08647,1.08597,54,50
2022-05-04 14:34:14.224000,1.08652,1.08602,54,50
2022-05-04 14:34:14.390000,1.08657,1.08607,54,50
2022-05-04 14:34:16.993000,1.08662,1.08612,54,50
2022-05-04 14:34:17.096000,1.08647,1.08597,54,54
2022-05-04 14:34:17.359000,1.08657,1.08607,54,50
2022-05-04 14:34:18.298000,1.08662,1.08612,54,50
2022-05-04 14:34:19.146000,1.08657,1.08607,54,50
2022-05-04 14:34:19.289000,1.08607,1.08557,54,50
2022-05-04 14:34:19.837000,1.08567,1.08517,54,54
2022-05-04 14:34:19.888000,1.08598,1.08532,359,1
2022-05-04 14:34:19.988000,1.08556,1.08506,54,271
2022-05-04 14:34:20.039000,1.08556,1.08504,54,50
2022-05-04 14:34:20.101000,1.08552,1.08502,54,50
2022-05-04 14:34:20.487000,1.08547,1.08497,54,50
2022-05-04 14:34:20.640000,1.08536,1.08486,54,54
2022-05-04 14:34:20.913000,1.08532,1.08482,54,50
2022-05-04 14:34:21.247000,1.08542,1.08492,54,50
2022-05-04 14:34:21.875000,1.08536,1.08486,54,50
2022-05-04 14:34:22.114000,1.08542,1.08492,54,50
2022-05-04 14:34:22.455000,1.08552,1.08502,54,50
2022-05-04 14:34:22.837000,1.08557,1.08507,54,50
2022-05-04 14:34:22.941000,1.08567,1.08517,54,50
2022-05-04 14:34:23.437000,1.08562,1.08512,54,50
2022-05-04 14:34:23.589000,1.08567,1.08517,54,50
2022-05-04 14:34:24.147000,1.08577,1.08527,54,50
2022-05-04 14:34:24.939000,1.08582,1.08532,54,50
2022-05-04 14:34:25.702000,1.08587,1.08537,54,50
2022-05-04 14:34:27.133000,1.08592,1.08542,54,50
2022-05-04 14:34:28.861000,1.08587,1.08537,54,50
2022-05-04 14:34:29.673000,1.08562,1.08512,54,54
2022-05-04 14:34:29.769000,1.08562,1.08512,54,50
2022-05-04 14:34:29.819000,1.08572,1.08522,54,50
2022-05-04 14:34:34.151000,1.08562,1.08512,54,50
2022-05-04 14:34:34.642000,1.08552,1.08502,54,50
2022-05-04 14:34:35.461000,1.08527,1.08477,54,54
2022-05-04 14:34:35.627000,1.08512,1.08462,54,54
2022-05-04 14:34:35.734000,1.08512,1.08462,54,50
2022-05-04 14:34:36.200000,1.08517,1.08467,54,50
2022-05-04 14:34:36.487000,1.08522,1.08472,54,50
2022-05-04 14:34:37.521000,1.08512,1.08462,54,50
2022-05-04 14:34:37.891000,1.08532,1.08482,431,50
2022-05-04 14:34:38.052000,1.08532,1.08482,54,50
2022-05-04 14:34:38.173000,1.08536,1.08486,54,50
2022-05-04 14:34:38.342000,1.08532,1.08482,54,50
2022-05-04 14:34:38.443000,1.08536,1.08486,54,50
2022-05-04 14:34:39.092000,1.08532,1.08482,54,50
2022-05-04 14:34:40.236000,1.08527,1.08477,54,50
2022-05-04 14:34:42.438000,1.08522,1.08472,54,50
2022-05-04 14:34:43.953000,1.08536,1.08484,54,50
2022-05-04 14:34:44.111000,1.08532,1.08482,54,50
2022-05-04 14:34:44.255000,1.08542,1.08492,54,50
2022-05-04 14:34:44.515000,1.08532,1.08482,54,50
2022-05-04 14:34:44.834000,1.08542,1.08492,54,50
2022-05-04 14:34:45.474000,1.08532,1.08482,54,50
2022-05-04 14:34:45.751000,1.08527,1.08477,54,50
2022-05-04 14:34:45.977000,1.08532,1.08482,54,50
2022-05-04 14:34:47.912000,1.08527,1.08477,54,50
2022-05-04 14:34:49.043000,1.08522,1.08472,54,50
2022-05-04 14:34:49.727000,1.08508,1.08458,269,50
2022-05-04 14:34:49.778000,1.08492,1.08442,54,50
2022-05-04 14:34:50.484000,1.08497,1.08447,54,50
2022-05-04 14:34:52.824000,1.08467,1.08417,54,54
2022-05-04 14:34:52.995000,1.08467,1.08417,54,50
2022-05-04 14:34:53.045000,1.08472,1.08422,54,50
2022-05-04 14:34:53.436000,1.08482,1.08432,54,50
2022-05-04 14:34:53.705000,1.08472,1.08422,54,50
2022-05-04 14:34:54.190000,1.08462,1.08412,54,50
2022-05-04 14:34:54.342000,1.08472,1.08422,54,50
2022-05-04 14:34:54.548000,1.08482,1.08432,54,50
2022-05-04 14:34:54.975000,1.08472,1.08422,54,50
2022-05-04 14:34:55.194000,1.08482,1.08432,54,50
2022-05-04 14:34:55.691000,1.08524,1.08474,269,50
2022-05-04 14:34:55.742000,1.08526,1.08474,54,50
2022-05-04 14:34:55.972000,1.08527,1.08477,54,50
2022-05-04 14:34:56.840000,1.08536,1.08486,54,50
2022-05-04 14:34:57.041000,1.08532,1.08482,54,50
2022-05-04 14:34:57.719000,1.08536,1.08486,54,50
2022-05-04 14:34:58.214000,1.08532,1.08482,54,50
2022-05-04 14:34:58.966000,1.08546,1.08494,54,50
2022-05-04 14:34:59.661000,1.08519,1.08469,54,433
2022-05-04 14:35:00.163000,1.08496,1.08446,54,271
2022-05-04 14:35:00.315000,1.08506,1.08456,54,54
2022-05-04 14:35:00.429000,1.08512,1.08462,54,50
2022-05-04 14:35:00.684000,1.08508,1.08458,269,50
2022-05-04 14:35:00.734000,1.08502,1.08452,54,50
2022-05-04 14:35:01.453000,1.08492,1.08442,54,50
2022-05-04 14:35:01.991000,1.08482,1.08432,54,50
2022-05-04 14:35:02.147000,1.08487,1.08437,54,50
2022-05-04 14:35:02.255000,1.08502,1.08452,431,50
2022-05-04 14:35:02.358000,1.08502,1.08452,54,50
2022-05-04 14:35:02.587000,1.08497,1.08447,54,50
2022-05-04 14:35:02.799000,1.08512,1.08462,431,50
2022-05-04 14:35:02.900000,1.08489,1.08439,54,433
2022-05-04 14:35:03.328000,1.08497,1.08447,54,50
2022-05-04 14:35:03.505000,1.08522,1.08472,54,50
2022-05-04 14:35:03.835000,1.08512,1.08462,54,50
2022-05-04 14:35:04.083000,1.08502,1.08452,54,50
2022-05-04 14:35:04.279000,1.08512,1.08462,54,50
2022-05-04 14:35:04.576000,1.08552,1.08502,431,50
2022-05-04 14:35:04.682000,1.08522,1.08472,54,50
2022-05-04 14:35:04.734000,1.08542,1.08492,54,1
2022-05-04 14:35:04.968000,1.08522,1.08472,54,50
2022-05-04 14:35:05.019000,1.08526,1.08474,54,50
2022-05-04 14:35:05.300000,1.08546,1.08494,54,50
2022-05-04 14:35:05.713000,1.08532,1.08482,54,50
2022-05-04 14:35:05.866000,1.08522,1.08472,54,50
2022-05-04 14:35:07.136000,1.08527,1.08477,54,50
2022-05-04 14:35:07.259000,1.08532,1.08482,54,50
2022-05-04 14:35:08.666000,1.08536,1.08486,54,50
2022-05-04 14:35:09.079000,1.08532,1.08482,54,50
2022-05-04 14:35:09.703000,1.08536,1.08486,54,50
2022-05-04 14:35:09.854000,1.08532,1.08482,54,50
2022-05-04 14:35:10.072000,1.08536,1.08486,54,50
2022-05-04 14:35:10.932000,1.08528,1.08478,269,50
2022-05-04 14:35:10.983000,1.08517,1.08467,54,54
2022-05-04 14:35:11.478000,1.08512,1.08462,54,50
2022-05-04 14:35:11.808000,1.08506,1.08456,54,54
2022-05-04 14:35:14.355000,1.08502,1.08452,54,50
2022-05-04 14:35:14.688000,1.08522,1.08472,431,50
2022-05-04 14:35:14.805000,1.08522,1.08472,54,433
2022-05-04 14:35:14.974000,1.08542,1.08492,54,50
2022-05-04 14:35:15.075000,1.08547,1.08497,54,50
2022-05-04 14:35:15.194000,1.08542,1.08492,54,50
2022-05-04 14:35:15.769000,1.08547,1.08497,54,50
2022-05-04 14:35:16.022000,1.08552,1.08502,54,50
2022-05-04 14:35:16.266000,1.08542,1.08492,54,50
2022-05-04 14:35:16.451000,1.08552,1.08502,54,50
2022-05-04 14:35:16.642000,1.08556,1.08504,54,50
2022-05-04 14:35:17.027000,1.08562,1.08512,54,50
2022-05-04 14:35:17.159000,1.08567,1.08517,54,50
2022-05-04 14:35:17.325000,1.08562,1.08512,54,50
2022-05-04 14:35:18.551000,1.08567,1.08517,54,50
2022-05-04 14:35:18.740000,1.08562,1.08512,54,50
2022-05-04 14:35:18.903000,1.08557,1.08507,54,50
2022-05-04 14:35:19.148000,1.08552,1.08502,54,50
2022-05-04 14:35:19.373000,1.08557,1.08507,54,50
2022-05-04 14:35:19.774000,1.08562,1.08512,54,50
2022-05-04 14:35:19.875000,1.08557,1.08507,54,54
2022-05-04 14:35:20.389000,1.08577,1.08527,431,50
2022-05-04 14:35:20.540000,1.08597,1.08547,54,50
2022-05-04 14:35:20.874000,1.08607,1.08557,54,50
2022-05-04 14:35:21.034000,1.08617,1.08567,54,50
2022-05-04 14:35:22.231000,1.08647,1.08597,431,50
2022-05-04 14:35:22.514000,1.08647,1.08597,54,50
2022-05-04 14:35:23.030000,1.08627,1.08577,54,54
2022-05-04 14:35:23.183000,1.08627,1.08577,54,50
2022-05-04 14:35:23.378000,1.08632,1.08582,54,50
2022-05-04 14:35:23.576000,1.08647,1.08597,54,50
2022-05-04 14:35:23.734000,1.08642,1.08592,54,50
2022-05-04 14:35:24.717000,1.08638,1.08588,269,50
2022-05-04 14:35:25.046000,1.08627,1.08577,54,50
2022-05-04 14:35:25.249000,1.08622,1.08572,54,50
2022-05-04 14:35:25.492000,1.08642,1.08592,431,50
2022-05-04 14:35:25.612000,1.08642,1.08592,54,50
2022-05-04 14:35:25.780000,1.08632,1.08582,54,50
2022-05-04 14:35:25.986000,1.08622,1.08572,54,50
2022-05-04 14:35:26.288000,1.08627,1.08577,54,50
2022-05-04 14:35:26.551000,1.08607,1.08557,54,54
2022-05-04 14:35:26.696000,1.08607,1.08557,54,50
2022-05-04 14:35:26.889000,1.08612,1.08562,54,50
2022-05-04 14:35:27.040000,1.08617,1.08567,54,50
2022-05-04 14:35:27.470000,1.08622,1.08572,54,50
2022-05-04 14:35:28.923000,1.08607,1.08557,54,54
2022-05-04 14:35:30.560000,1.08582,1.08532,54,54
2022-05-04 14:35:30.611000,1.08582,1.08532,54,50
2022-05-04 14:35:30.742000,1.08592,1.08542,54,50
2022-05-04 14:35:31.032000,1.08602,1.08552,54,50
2022-05-04 14:35:31.175000,1.08612,1.08562,54,50
2022-05-04 14:35:31.303000,1.08599,1.08549,54,433
2022-05-04 14:35:31.414000,1.08607,1.08557,54,54
2022-05-04 14:35:32.078000,1.08587,1.08537,54,54
2022-05-04 14:35:32.650000,1.08592,1.08542,54,50
2022-05-04 14:35:34.008000,1.08582,1.08532,54,50
2022-05-04 14:35:34.138000,1.08577,1.08527,54,50
2022-05-04 14:35:34.466000,1.08587,1.08537,54,50
2022-05-04 14:35:34.745000,1.08582,1.08532,54,50
2022-05-04 14:35:35.680000,1.08577,1.08527,54,50
2022-05-04 14:35:35.990000,1.08572,1.08522,54,50
2022-05-04 14:35:36.187000,1.08567,1.08517,54,50
2022-05-04 14:35:36.386000,1.08572,1.08522,54,50
2022-05-04 14:35:36.600000,1.08567,1.08517,54,50
2022-05-04 14:35:36.931000,1.08542,1.08492,54,54
2022-05-04 14:35:37.029000,1.08542,1.08492,54,50
2022-05-04 14:35:37.113000,1.08532,1.08482,54,50
2022-05-04 14:35:37.249000,1.08522,1.08472,54,50
2022-05-04 14:35:37.643000,1.08527,1.08477,54,50
2022-05-04 14:35:37.756000,1.08536,1.08486,54,50
2022-05-04 14:35:37.871000,1.08542,1.08492,54,50
2022-05-04 14:35:38.251000,1.08547,1.08497,54,50
2022-05-04 14:35:38.736000,1.08552,1.08502,54,50
2022-05-04 14:35:39.395000,1.08547,1.08497,54,54
2022-05-04 14:35:40.231000,1.08552,1.08502,54,50
2022-05-04 14:35:41.221000,1.08547,1.08497,54,50
2022-05-04 14:35:41.562000,1.08552,1.08502,54,50
2022-05-04 14:35:41.613000,1.08558,1.08492,269,361
2022-05-04 14:35:41.714000,1.08618,1.08568,269,50
2022-05-04 14:35:41.881000,1.08602,1.08552,54,50
2022-05-04 14:35:42.313000,1.08607,1.08557,54,50
2022-05-04 14:35:42.442000,1.08612,1.08562,54,50
2022-05-04 14:35:42.716000,1.08617,1.08567,54,50
2022-05-04 14:35:44.522000,1.08622,1.08572,54,50
2022-05-04 14:35:46.356000,1.08612,1.08562,54,50
2022-05-04 14:35:46.733000,1.08606,1.08554,54,50
2022-05-04 14:35:47.163000,1.08612,1.08562,54,50
2022-05-04 14:35:47.950000,1.08602,1.08552,54,50
2022-05-04 14:35:48.153000,1.08607,1.08557,54,50
2022-05-04 14:35:48.432000,1.08612,1.08562,54,50
2022-05-04 14:35:50.016000,1.08617,1.08567,54,50
2022-05-04 14:35:51.987000,1.08612,1.08562,54,50
2022-05-04 14:35:53.574000,1.08617,1.08567,54,50
2022-05-04 14:35:57.145000,1.08627,1.08577,54,50
2022-05-04 14:35:57.254000,1.08637,1.08587,54,50
2022-05-04 14:35:57.785000,1.08652,1.08602,54,50
2022-05-04 14:35:58.298000,1.08657,1.08607,54,50
2022-05-04 14:35:58.750000,1.08647,1.08597,54,54
2022-05-04 14:35:58.873000,1.08652,1.08602,54,50
2022-05-04 14:35:59.065000,1.08657,1.08607,54,50
2022-05-04 14:36:00.368000,1.08667,1.08617,54,50
2022-05-04 14:36:01.838000,1.08694,1.08644,269,50
2022-05-04 14:36:01.888000,1.08678,1.08602,269,361
2022-05-04 14:36:02.039000,1.08718,1.08622,269,361
2022-05-04 14:36:02.172000,1.08777,1.08727,54,54
2022-05-04 14:36:02.315000,1.08769,1.08719,54,433
2022-05-04 14:36:02.466000,1.08797,1.08747,54,50
2022-05-04 14:36:02.957000,1.08786,1.08736,54,54
2022-05-04 14:36:03.547000,1.08767,1.08717,54,54
2022-05-04 14:36:03.598000,1.08767,1.08717,54,50
2022-05-04 14:36:03.766000,1.08782,1.08732,431,50
2022-05-04 14:36:03.895000,1.08782,1.08732,54,50
2022-05-04 14:36:04.146000,1.08777,1.08727,54,50
2022-05-04 14:36:05.651000,1.08782,1.08732,54,50
2022-05-04 14:36:06.311000,1.08808,1.08758,269,50
2022-05-04 14:36:06.379000,1.08807,1.08757,54,50
2022-05-04 14:36:06.510000,1.08812,1.08762,54,50
2022-05-04 14:36:06.874000,1.08792,1.08742,54,54
2022-05-04 14:36:06.975000,1.08792,1.08742,54,50
2022-05-04 14:36:07.149000,1.08802,1.08752,54,50
2022-05-04 14:36:07.300000,1.08807,1.08757,54,50
2022-05-04 14:36:07.802000,1.08827,1.08777,431,50
2022-05-04 14:36:07.855000,1.08827,1.08777,54,50
2022-05-04 14:36:08.298000,1.08837,1.08787,54,50
2022-05-04 14:36:08.578000,1.08827,1.08777,54,50
2022-05-04 14:36:08.950000,1.08837,1.08787,54,50
2022-05-04 14:36:09.148000,1.08842,1.08792,54,50
2022-05-04 14:36:09.434000,1.08847,1.08797,54,50
2022-05-04 14:36:10.361000,1.08857,1.08807,54,50
2022-05-04 14:36:10.851000,1.08852,1.08802,54,50
2022-05-04 14:36:11.006000,1.08862,1.08812,54,50
2022-05-04 14:36:11.626000,1.08847,1.08797,54,50
2022-05-04 14:36:11.920000,1.08851,1.08801,54,50
2022-05-04 14:36:12.149000,1.08862,1.08812,54,1
2022-05-04 14:36:12.200000,1.08882,1.08832,54,50
2022-05-04 14:36:12.273000,1.08886,1.08834,54,50
2022-05-04 14:36:12.486000,1.08878,1.08828,269,50
2022-05-04 14:36:13.603000,1.08876,1.08824,54,50
2022-05-04 14:36:13.738000,1.08862,1.08812,54,50
2022-05-04 14:36:13.900000,1.08867,1.08817,54,50
2022-05-04 14:36:14.230000,1.08872,1.08822,54,50
2022-05-04 14:36:14.756000,1.08862,1.08812,54,50
2022-05-04 14:36:14.972000,1.08867,1.08817,54,50
2022-05-04 14:36:15.170000,1.08862,1.08812,54,50
2022-05-04 14:36:15.333000,1.08857,1.08807,54,50
2022-05-04 14:36:15.551000,1.08867,1.08817,54,50
2022-05-04 14:36:15.907000,1.08872,1.08822,54,50
2022-05-04 14:36:17.282000,1.08862,1.08812,54,50
2022-05-04 14:36:17.736000,1.08872,1.08822,54,50
2022-05-04 14:36:18.272000,1.08877,1.08827,54,50
2022-05-04 14:36:18.412000,1.08882,1.08832,54,50
2022-05-04 14:36:18.582000,1.08887,1.08837,54,50
2022-05-04 14:36:18.856000,1.08902,1.08852,431,50
2022-05-04 14:36:19.136000,1.08902,1.08852,54,50
2022-05-04 14:36:19.516000,1.08898,1.08848,269,50
2022-05-04 14:36:19.964000,1.08892,1.08842,54,50
2022-05-04 14:36:20.301000,1.08902,1.08852,54,50
2022-05-04 14:36:20.468000,1.08897,1.08847,54,50
2022-05-04 14:36:20.714000,1.08902,1.08852,54,50
2022-05-04 14:36:21.166000,1.08907,1.08857,54,50
2022-05-04 14:36:21.268000,1.08902,1.08852,54,50
2022-05-04 14:36:21.699000,1.08897,1.08847,54,50
2022-05-04 14:36:22.055000,1.08902,1.08852,54,50
2022-05-04 14:36:22.486000,1.08907,1.08857,54,50
2022-05-04 14:36:23.147000,1.08911,1.08861,54,50
2022-05-04 14:36:23.322000,1.08917,1.08867,54,50
2022-05-04 14:36:23.396000,1.08928,1.08852,269,361
2022-05-04 14:36:23.497000,1.08962,1.08912,54,50
2022-05-04 14:36:23.547000,1.08946,1.08894,54,50
2022-05-04 14:36:23.703000,1.08957,1.08907,54,50
2022-05-04 14:36:23.806000,1.08947,1.08897,54,54
2022-05-04 14:36:23.918000,1.08942,1.08892,54,50
2022-05-04 14:36:24.516000,1.08932,1.08882,54,50
2022-05-04 14:36:24.861000,1.08927,1.08877,54,50
2022-05-04 14:36:25.214000,1.08932,1.08882,54,50
2022-05-04 14:36:26.278000,1.08927,1.08877,54,50
2022-05-04 14:36:26.496000,1.08932,1.08882,54,50
2022-05-04 14:36:26.619000,1.08927,1.08877,54,50
2022-05-04 14:36:27.216000,1.08917,1.08867,54,50
2022-05-04 14:36:27.669000,1.08912,1.08862,54,50
2022-05-04 14:36:27.893000,1.08917,1.08867,54,50
2022-05-04 14:36:28.028000,1.08932,1.08882,54,50
2022-05-04 14:36:29.211000,1.08922,1.08872,54,50
2022-05-04 14:36:29.419000,1.08927,1.08877,54,50
2022-05-04 14:36:29.520000,1.08922,1.08872,54,50
2022-05-04 14:36:29.749000,1.08917,1.08867,54,50
2022-05-04 14:36:29.929000,1.08922,1.08872,54,271
2022-05-04 14:36:30.079000,1.08947,1.08897,54,50
2022-05-04 14:36:30.350000,1.08937,1.08887,54,54
2022-05-04 14:36:30.740000,1.08947,1.08897,54,50
2022-05-04 14:36:31.150000,1.08942,1.08892,54,50
2022-05-04 14:36:32.130000,1.08937,1.08887,54,54
2022-05-04 14:36:32.428000,1.08947,1.08897,54,50
2022-05-04 14:36:32.582000,1.08942,1.08892,54,50
2022-05-04 14:36:32.733000,1.08947,1.08897,54,50
2022-05-04 14:36:34.447000,1.08946,1.08894,54,50
2022-05-04 14:36:34.569000,1.08952,1.08902,54,50
2022-05-04 14:36:34.862000,1.08947,1.08897,54,50
2022-05-04 14:36:35.166000,1.08952,1.08902,67,50
2022-05-04 14:36:35.430000,1.08929,1.08879,54,433
2022-05-04 14:36:35.552000,1.08922,1.08872,54,50
2022-05-04 14:36:35.743000,1.08912,1.08862,54,50
2022-05-04 14:36:35.866000,1.08922,1.08872,54,50
2022-05-04 14:36:36.014000,1.08927,1.08877,54,50
2022-05-04 14:36:36.867000,1.08922,1.08872,54,50
2022-05-04 14:36:37.019000,1.08932,1.08882,54,50
2022-05-04 14:36:38.226000,1.08957,1.08907,431,50
2022-05-04 14:36:38.343000,1.08952,1.08902,431,50
2022-05-04 14:36:38.612000,1.08952,1.08902,54,50
2022-05-04 14:36:39.161000,1.08947,1.08897,54,50
2022-05-04 14:36:39.322000,1.08952,1.08902,54,50
2022-05-04 14:36:39.666000,1.08957,1.08907,54,50
2022-05-04 14:36:40.134000,1.08947,1.08897,54,50
2022-05-04 14:36:40.184000,1.08902,1.08852,54,50
2022-05-04 14:36:40.312000,1.08907,1.08857,54,50
2022-05-04 14:36:40.448000,1.08927,1.08877,431,50
2022-05-04 14:36:40.648000,1.08932,1.08882,431,50
2022-05-04 14:36:40.699000,1.08932,1.08882,54,50
2022-05-04 14:36:41.011000,1.08922,1.08872,54,50
2022-05-04 14:36:41.396000,1.08932,1.08882,54,50
2022-05-04 14:36:41.779000,1.08927,1.08877,54,50
2022-05-04 14:36:41.893000,1.08932,1.08882,54,50
2022-05-04 14:36:42.076000,1.08902,1.08852,54,54
2022-05-04 14:36:42.142000,1.08902,1.08852,54,50
2022-05-04 14:36:42.624000,1.08917,1.08867,54,50
2022-05-04 14:36:42.775000,1.08897,1.08847,54,54
2022-05-04 14:36:42.902000,1.08902,1.08852,54,50
2022-05-04 14:36:43.003000,1.08907,1.08857,54,50
2022-05-04 14:36:43.371000,1.08897,1.08847,54,50
2022-05-04 14:36:44.273000,1.08902,1.08852,54,50
2022-05-04 14:36:44.378000,1.08892,1.08842,54,50
2022-05-04 14:36:44.479000,1.08927,1.08877,54,50
2022-05-04 14:36:44.932000,1.08926,1.08874,54,50
2022-05-04 14:36:45.121000,1.08922,1.08872,54,50
2022-05-04 14:36:46.115000,1.08917,1.08867,54,50
2022-05-04 14:36:46.252000,1.08907,1.08857,54,54
2022-05-04 14:36:46.612000,1.08912,1.08862,54,50
2022-05-04 14:36:46.955000,1.08902,1.08852,54,50
2022-05-04 14:36:47.101000,1.08877,1.08827,54,54
2022-05-04 14:36:47.243000,1.08877,1.08827,54,54
2022-05-04 14:36:47.466000,1.08887,1.08837,54,50
2022-05-04 14:36:47.785000,1.08877,1.08827,54,54
2022-05-04 14:36:47.936000,1.08882,1.08832,54,50
2022-05-04 14:36:48.893000,1.08877,1.08827,54,50
2022-05-04 14:36:49.291000,1.08897,1.08847,431,50
2022-05-04 14:36:49.459000,1.08897,1.08847,54,50
2022-05-04 14:36:49.929000,1.08879,1.08829,54,433
2022-05-04 14:36:50.032000,1.08867,1.08817,54,54
2022-05-04 14:36:50.628000,1.08872,1.08822,54,50
2022-05-04 14:36:51.121000,1.08887,1.08837,54,50
2022-05-04 14:36:51.226000,1.08882,1.08832,54,50
2022-05-04 14:36:51.372000,1.08887,1.08837,54,50
2022-05-04 14:36:52.093000,1.08897,1.08847,54,50
2022-05-04 14:36:52.244000,1.08892,1.08842,54,50
2022-05-04 14:36:52.687000,1.08902,1.08852,54,50
2022-05-04 14:36:53.907000,1.08907,1.08857,54,50
2022-05-04 14:36:54.781000,1.08912,1.08862,54,50
2022-05-04 14:36:55.724000,1.08922,1.08872,54,50
2022-05-04 14:36:56.371000,1.08937,1.08887,54,50
2022-05-04 14:36:56.699000,1.08927,1.08877,54,54
2022-05-04 14:36:57.035000,1.08922,1.08872,54,50
2022-05-04 14:36:57.315000,1.08927,1.08877,54,54
2022-05-04 14:36:58.048000,1.08922,1.08872,54,50
2022-05-04 14:36:58.336000,1.08917,1.08867,54,54
2022-05-04 14:36:58.795000,1.08922,1.08872,54,50
2022-05-04 14:36:59.335000,1.08917,1.08867,54,50
2022-05-04 14:36:59.436000,1.08897,1.08847,54,54
2022-05-04 14:36:59.565000,1.08892,1.08842,54,50
2022-05-04 14:36:59.864000,1.08897,1.08847,54,50
2022-05-04 14:36:59.967000,1.08902,1.08852,54,50
2022-05-04 14:37:00.504000,1.08897,1.08847,54,50
2022-05-04 14:37:00.647000,1.08902,1.08852,54,50
2022-05-04 14:37:01.624000,1.08892,1.08842,54,50
2022-05-04 14:37:01.824000,1.08862,1.08812,54,54
2022-05-04 14:37:01.890000,1.08862,1.08812,54,50
2022-05-04 14:37:01.950000,1.08847,1.08797,54,54
2022-05-04 14:37:02.096000,1.08847,1.08797,54,50
2022-05-04 14:37:02.574000,1.08837,1.08787,54,50
2022-05-04 14:37:03.016000,1.08842,1.08792,54,50
2022-05-04 14:37:03.134000,1.08847,1.08797,54,50
2022-05-04 14:37:03.261000,1.08862,1.08812,54,50
2022-05-04 14:37:04.739000,1.08867,1.08817,54,50
2022-05-04 14:37:05.759000,1.08862,1.08812,54,50
2022-05-04 14:37:05.940000,1.08867,1.08817,54,50
2022-05-04 14:37:06.521000,1.08877,1.08827,54,50
2022-05-04 14:37:07.117000,1.08872,1.08822,54,50
2022-05-04 14:37:07.444000,1.08877,1.08827,54,50
2022-05-04 14:37:07.604000,1.08882,1.08832,54,50
2022-05-04 14:37:08.235000,1.08877,1.08827,54,50
2022-05-04 14:37:08.499000,1.08882,1.08832,54,50
2022-05-04 14:37:08.918000,1.08877,1.08827,54,50
2022-05-04 14:37:09.414000,1.08882,1.08832,54,50
2022-05-04 14:37:09.724000,1.08877,1.08827,54,50
2022-05-04 14:37:11.143000,1.08872,1.08822,54,50
2022-05-04 14:37:11.244000,1.08852,1.08802,54,54
2022-05-04 14:37:11.345000,1.08852,1.08802,54,50
2022-05-04 14:37:11.443000,1.08862,1.08812,54,50
2022-05-04 14:37:12.276000,1.08867,1.08817,54,50
2022-05-04 14:37:13.266000,1.08862,1.08812,54,50
2022-05-04 14:37:13.690000,1.08847,1.08797,54,54
2022-05-04 14:37:15.117000,1.08846,1.08794,54,50
2022-05-04 14:37:15.244000,1.08852,1.08802,54,50
2022-05-04 14:37:15.401000,1.08842,1.08792,54,50
2022-05-04 14:37:15.633000,1.08847,1.08797,54,50
2022-05-04 14:37:16.043000,1.08842,1.08792,54,50
2022-05-04 14:37:17.403000,1.08837,1.08787,54,54
2022-05-04 14:37:17.555000,1.08842,1.08792,54,50
2022-05-04 14:37:17.707000,1.08847,1.08797,54,50
2022-05-04 14:37:17.844000,1.08842,1.08792,54,50
2022-05-04 14:37:18.375000,1.08837,1.08787,54,50
2022-05-04 14:37:18.998000,1.08832,1.08782,54,50
2022-05-04 14:37:19.183000,1.08837,1.08787,54,50
2022-05-04 14:37:20.483000,1.08847,1.08797,54,50
2022-05-04 14:37:20.655000,1.08852,1.08802,54,50
2022-05-04 14:37:21.424000,1.08838,1.08788,269,50
2022-05-04 14:37:21.698000,1.08832,1.08782,54,50
2022-05-04 14:37:22.124000,1.08842,1.08792,54,50
2022-05-04 14:37:23.565000,1.08837,1.08787,54,50
2022-05-04 14:37:25.389000,1.08832,1.08782,54,50
2022-05-04 14:37:25.490000,1.08796,1.08746,54,271
2022-05-04 14:37:25.540000,1.08848,1.08772,359,1
2022-05-04 14:37:25.591000,1.08786,1.08736,54,50
2022-05-04 14:37:25.896000,1.08792,1.08742,54,50
2022-05-04 14:37:26.906000,1.08786,1.08736,54,50
2022-05-04 14:37:27.007000,1.08792,1.08742,54,50
2022-05-04 14:37:27.352000,1.08802,1.08752,54,50
2022-05-04 14:37:29.262000,1.08807,1.08757,54,50
2022-05-04 14:37:32.046000,1.08812,1.08762,54,271
2022-05-04 14:37:32.213000,1.08822,1.08772,54,1
2022-05-04 14:37:32.359000,1.08837,1.08787,54,50
2022-05-04 14:37:32.514000,1.08822,1.08772,54,50
2022-05-04 14:37:32.630000,1.08837,1.08787,54,50
2022-05-04 14:37:32.797000,1.08832,1.08782,54,50
2022-05-04 14:37:34.117000,1.08822,1.08772,54,50
2022-05-04 14:37:36.258000,1.08832,1.08782,54,50
2022-05-04 14:37:36.369000,1.08822,1.08772,54,50
2022-05-04 14:37:37.030000,1.08812,1.08762,54,50
2022-05-04 14:37:37.213000,1.08792,1.08742,54,50
2022-05-04 14:37:37.486000,1.08802,1.08752,54,50
2022-05-04 14:37:38.228000,1.08796,1.08744,54,50
2022-05-04 14:37:38.548000,1.08802,1.08752,54,50
2022-05-04 14:37:38.739000,1.08812,1.08762,54,50
2022-05-04 14:37:38.923000,1.08802,1.08752,54,50
2022-05-04 14:37:39.252000,1.08812,1.08762,54,50
2022-05-04 14:37:39.650000,1.08802,1.08752,54,50
2022-05-04 14:37:40.203000,1.08817,1.08767,54,50
2022-05-04 14:37:40.509000,1.08822,1.08772,54,50
2022-05-04 14:37:41.091000,1.08832,1.08782,54,50
2022-05-04 14:37:41.552000,1.08837,1.08787,54,50
2022-05-04 14:37:41.865000,1.08817,1.08767,54,54
2022-05-04 14:37:43.690000,1.08812,1.08762,54,50
2022-05-04 14:37:44.359000,1.08799,1.08749,54,433
2022-05-04 14:37:47.481000,1.08796,1.08744,54,50
2022-05-04 14:37:47.585000,1.08807,1.08757,54,50
2022-05-04 14:37:47.767000,1.08802,1.08752,54,50
2022-05-04 14:37:47.896000,1.08807,1.08757,54,50
2022-05-04 14:37:48.354000,1.08802,1.08752,54,50
2022-05-04 14:37:49.523000,1.08792,1.08742,54,50
2022-05-04 14:37:50.162000,1.08802,1.08752,54,50
2022-05-04 14:37:51.810000,1.08797,1.08747,54,50
2022-05-04 14:37:51.961000,1.08786,1.08736,54,54
2022-05-04 14:37:52.369000,1.08777,1.08727,54,54
2022-05-04 14:37:52.552000,1.08762,1.08712,54,271
2022-05-04 14:37:52.603000,1.08756,1.08706,54,54
2022-05-04 14:37:53.358000,1.08762,1.08712,54,50
2022-05-04 14:37:54.075000,1.08767,1.08717,54,50
2022-05-04 14:37:54.913000,1.08762,1.08712,54,50
2022-05-04 14:37:55.014000,1.08747,1.08697,54,54
2022-05-04 14:37:55.096000,1.08747,1.08697,54,50
2022-05-04 14:37:56.820000,1.08756,1.08706,54,50
2022-05-04 14:37:56.971000,1.08767,1.08717,54,50
2022-05-04 14:37:57.360000,1.08749,1.08699,54,433
2022-05-04 14:37:57.473000,1.08747,1.08697,54,50
2022-05-04 14:37:57.911000,1.08752,1.08702,54,50
2022-05-04 14:37:58.628000,1.08762,1.08712,54,1
2022-05-04 14:37:58.678000,1.08777,1.08727,54,50
2022-05-04 14:38:00.227000,1.08792,1.08742,431,50
2022-05-04 14:38:00.330000,1.08792,1.08742,54,50
2022-05-04 14:38:01.541000,1.08782,1.08732,54,50
2022-05-04 14:38:01.689000,1.08786,1.08736,54,50
2022-05-04 14:38:01.871000,1.08792,1.08742,54,50
2022-05-04 14:38:03.191000,1.08786,1.08736,54,50
2022-05-04 14:38:03.521000,1.08782,1.08732,54,50
2022-05-04 14:38:04.632000,1.08772,1.08722,54,50
2022-05-04 14:38:05.171000,1.08797,1.08747,431,50
2022-05-04 14:38:05.221000,1.08797,1.08747,54,50
2022-05-04 14:38:05.428000,1.08792,1.08742,54,50
2022-05-04 14:38:06.602000,1.08802,1.08752,54,50
2022-05-04 14:38:06.940000,1.08792,1.08742,54,50
2022-05-04 14:38:07.058000,1.08822,1.08772,54,50
2022-05-04 14:38:07.159000,1.08827,1.08777,54,50
2022-05-04 14:38:07.570000,1.08832,1.08782,54,50
2022-05-04 14:38:08.248000,1.08827,1.08777,54,50
2022-05-04 14:38:08.650000,1.08832,1.08782,54,50
2022-05-04 14:38:09.906000,1.08822,1.08772,54,50
2022-05-04 14:38:10.576000,1.08827,1.08777,54,50
2022-05-04 14:38:11.802000,1.08822,1.08772,54,50
2022-05-04 14:38:12.604000,1.08807,1.08757,54,54
2022-05-04 14:38:12.852000,1.08812,1.08762,54,50
2022-05-04 14:38:14.212000,1.08817,1.08767,54,50
2022-05-04 14:38:15.301000,1.08798,1.08748,269,50
2022-05-04 14:38:15.403000,1.08786,1.08736,54,50
2022-05-04 14:38:16.208000,1.08797,1.08747,54,50
2022-05-04 14:38:17.761000,1.08807,1.08757,54,50
2022-05-04 14:38:18.596000,1.08797,1.08747,54,50
2022-05-04 14:38:23.040000,1.08788,1.08738,269,50
2022-05-04 14:38:23.091000,1.08772,1.08722,54,50
2022-05-04 14:38:23.211000,1.08777,1.08727,54,50
2022-05-04 14:38:23.892000,1.08772,1.08722,54,50
2022-05-04 14:38:24.148000,1.08767,1.08717,54,50
2022-05-04 14:38:24.250000,1.08756,1.08706,54,54
2022-05-04 14:38:25.542000,1.08767,1.08717,54,50
2022-05-04 14:38:25.825000,1.08752,1.08702,54,50
2022-05-04 14:38:26.093000,1.08747,1.08697,54,50
2022-05-04 14:38:26.467000,1.08752,1.08702,54,50
2022-05-04 14:38:26.983000,1.08747,1.08697,54,50
2022-05-04 14:38:27.692000,1.08772,1.08722,431,50
2022-05-04 14:38:27.852000,1.08797,1.08747,431,50
2022-05-04 14:38:27.903000,1.08797,1.08747,54,50
2022-05-04 14:38:28.002000,1.08779,1.08729,54,433
2022-05-04 14:38:28.115000,1.08786,1.08736,54,50
2022-05-04 14:38:28.867000,1.08792,1.08742,54,50
2022-05-04 14:38:30.255000,1.08802,1.08752,54,50
2022-05-04 14:38:30.768000,1.08797,1.08747,54,50
2022-05-04 14:38:30.916000,1.08807,1.08757,54,50
2022-05-04 14:38:31.404000,1.08797,1.08747,54,54
2022-05-04 14:38:32.384000,1.08802,1.08752,54,50
2022-05-04 14:38:33.482000,1.08807,1.08757,54,50
2022-05-04 14:38:33.910000,1.08817,1.08767,67,50
2022-05-04 14:38:34.222000,1.08812,1.08762,67,50
2022-05-04 14:38:34.546000,1.08817,1.08767,90,50
2022-05-04 14:38:37.766000,1.08827,1.08777,54,50
2022-05-04 14:38:38.553000,1.08842,1.08792,431,50
2022-05-04 14:38:38.696000,1.08837,1.08787,54,54
2022-05-04 14:38:39.039000,1.08832,1.08782,54,50
2022-05-04 14:38:39.718000,1.08822,1.08772,54,50
2022-05-04 14:38:39.843000,1.08827,1.08777,54,50
2022-05-04 14:38:40.165000,1.08832,1.08782,54,50
2022-05-04 14:38:40.385000,1.08827,1.08777,54,50
2022-05-04 14:38:40.583000,1.08822,1.08772,54,50
2022-05-04 14:38:41.515000,1.08817,1.08767,54,50
2022-05-04 14:38:43.925000,1.08822,1.08772,54,271
2022-05-04 14:38:44.178000,1.08837,1.08787,54,50
2022-05-04 14:38:45.610000,1.08822,1.08772,54,50
2022-05-04 14:38:46.338000,1.08817,1.08767,54,50
2022-05-04 14:38:47.973000,1.08822,1.08772,54,271
2022-05-04 14:38:48.028000,1.08842,1.08792,54,50
2022-05-04 14:38:48.864000,1.08848,1.08782,269,361
2022-05-04 14:38:48.915000,1.08858,1.08808,269,50
2022-05-04 14:38:48.978000,1.08877,1.08827,431,50
2022-05-04 14:38:49.079000,1.08877,1.08827,54,50
2022-05-04 14:38:49.132000,1.08887,1.08837,54,50
2022-05-04 14:38:49.291000,1.08869,1.08819,54,433
2022-05-04 14:38:50.215000,1.08867,1.08817,54,50
2022-05-04 14:38:50.881000,1.08842,1.08792,54,54
2022-05-04 14:38:50.996000,1.08849,1.08799,54,433
2022-05-04 14:38:51.212000,1.08847,1.08797,54,50
2022-05-04 14:38:52.812000,1.08829,1.08779,54,433
2022-05-04 14:38:53.944000,1.08842,1.08792,54,50
2022-05-04 14:38:54.196000,1.08832,1.08782,54,50
2022-05-04 14:38:54.934000,1.08842,1.08792,54,50
2022-05-04 14:38:56.106000,1.08832,1.08782,54,50
2022-05-04 14:38:59.190000,1.08837,1.08787,54,50
2022-05-04 14:38:59.536000,1.08847,1.08797,54,50
2022-05-04 14:38:59.899000,1.08842,1.08792,54,50
2022-05-04 14:39:00.538000,1.08847,1.08797,54,50
2022-05-04 14:39:02.557000,1.08837,1.08787,54,54
2022-05-04 14:39:03.607000,1.08842,1.08792,54,50
2022-05-04 14:39:05.064000,1.08857,1.08807,54,50
2022-05-04 14:39:05.221000,1.08868,1.08818,269,50
2022-05-04 14:39:05.275000,1.08877,1.08827,54,50
2022-05-04 14:39:05.600000,1.08882,1.08832,54,50
2022-05-04 14:39:06.045000,1.08887,1.08837,54,50
2022-05-04 14:39:06.210000,1.08859,1.08809,54,433
2022-05-04 14:39:07.433000,1.08872,1.08822,54,50
2022-05-04 14:39:08.148000,1.08877,1.08827,54,50
2022-05-04 14:39:08.759000,1.08872,1.08822,54,50
2022-05-04 14:39:09.657000,1.08867,1.08817,54,50
2022-05-04 14:39:11.212000,1.08857,1.08807,54,50
2022-05-04 14:39:11.614000,1.08867,1.08817,54,50
2022-05-04 14:39:12.138000,1.08872,1.08822,54,50
2022-05-04 14:39:12.293000,1.08882,1.08832,54,50
2022-05-04 14:39:12.531000,1.08896,1.08844,54,50
2022-05-04 14:39:12.935000,1.08882,1.08832,54,50
2022-05-04 14:39:13.063000,1.08892,1.08842,54,50
2022-05-04 14:39:13.521000,1.08902,1.08852,54,50
2022-05-04 14:39:13.719000,1.08907,1.08857,54,50
2022-05-04 14:39:20.910000,1.08922,1.08872,431,50
2022-05-04 14:39:21.062000,1.08922,1.08872,54,50
2022-05-04 14:39:21.163000,1.08938,1.08888,269,50
2022-05-04 14:39:21.312000,1.08957,1.08907,54,50
2022-05-04 14:39:22.590000,1.08962,1.08912,54,50
2022-05-04 14:39:23.247000,1.08957,1.08907,54,50
2022-05-04 14:39:24.414000,1.08948,1.08898,269,50
2022-05-04 14:39:24.783000,1.08937,1.08887,54,50
2022-05-04 14:39:25.578000,1.08932,1.08882,54,50
2022-05-04 14:39:25.764000,1.08928,1.08878,269,50
2022-05-04 14:39:26.291000,1.08917,1.08867,54,50
2022-05-04 14:39:27.789000,1.08922,1.08872,54,271
2022-05-04 14:39:27.958000,1.08902,1.08852,54,50
2022-05-04 14:39:28.060000,1.08912,1.08862,54,50
2022-05-04 14:39:28.954000,1.08902,1.08852,54,50
2022-05-04 14:39:29.639000,1.08907,1.08857,54,50
2022-05-04 14:39:29.776000,1.08902,1.08852,54,50
2022-05-04 14:39:30.738000,1.08912,1.08862,54,50
2022-05-04 14:39:31.736000,1.08907,1.08857,54,50
2022-05-04 14:39:32.612000,1.08912,1.08862,54,50
2022-05-04 14:39:33.661000,1.08932,1.08882,54,50
2022-05-04 14:39:33.859000,1.08922,1.08872,54,50
2022-05-04 14:39:34.010000,1.08912,1.08862,54,50
2022-05-04 14:39:34.658000,1.08927,1.08877,54,50
2022-05-04 14:39:34.780000,1.08922,1.08872,54,50
2022-05-04 14:39:35.971000,1.08927,1.08877,54,50
2022-05-04 14:39:36.252000,1.08937,1.08887,54,50
2022-05-04 14:39:36.439000,1.08942,1.08892,54,50
2022-05-04 14:39:37.786000,1.08947,1.08897,54,50
2022-05-04 14:39:40.311000,1.08937,1.08887,54,54
2022-05-04 14:39:41.947000,1.08922,1.08872,54,50
2022-05-04 14:39:42.292000,1.08932,1.08882,54,50
2022-05-04 14:39:45.214000,1.08908,1.08858,269,50
2022-05-04 14:39:45.290000,1.08897,1.08847,54,50
2022-05-04 14:39:45.701000,1.08892,1.08842,54,50
2022-05-04 14:39:46.430000,1.08897,1.08847,54,50
2022-05-04 14:39:47.194000,1.08862,1.08812,54,54
2022-05-04 14:39:47.299000,1.08862,1.08812,54,50
2022-05-04 14:39:48.932000,1.08867,1.08817,54,50
2022-05-04 14:39:49.059000,1.08862,1.08812,54,50
2022-05-04 14:39:49.170000,1.08878,1.08828,269,50
2022-05-04 14:39:49.282000,1.08882,1.08832,54,50
2022-05-04 14:39:49.552000,1.08887,1.08837,54,50
2022-05-04 14:39:50.468000,1.08872,1.08822,54,50
2022-05-04 14:39:51.539000,1.08877,1.08827,54,50
2022-05-04 14:39:52.235000,1.08872,1.08822,54,50
2022-05-04 14:39:53.377000,1.08882,1.08832,54,50
2022-05-04 14:39:53.713000,1.08877,1.08827,54,50
2022-05-04 14:39:53.843000,1.08872,1.08822,54,50
2022-05-04 14:39:53.979000,1.08867,1.08817,54,54
2022-05-04 14:39:54.175000,1.08872,1.08822,54,50
2022-05-04 14:39:54.947000,1.08867,1.08817,54,50
2022-05-04 14:39:55.051000,1.08847,1.08797,54,54
2022-05-04 14:39:55.152000,1.08847,1.08797,54,50
2022-05-04 14:39:55.235000,1.08852,1.08802,54,50
2022-05-04 14:39:57.530000,1.08842,1.08792,54,50
2022-05-04 14:39:58.635000,1.08836,1.08784,54,50
2022-05-04 14:39:58.786000,1.08842,1.08792,54,50
2022-05-04 14:39:58.886000,1.08846,1.08794,54,50
2022-05-04 14:39:58.993000,1.08852,1.08802,54,50
2022-05-04 14:40:00.225000,1.08829,1.08779,54,433
2022-05-04 14:40:00.465000,1.08827,1.08777,54,50
2022-05-04 14:40:00.569000,1.08842,1.08792,431,50
2022-05-04 14:40:00.726000,1.08847,1.08797,54,50
2022-05-04 14:40:01.313000,1.08852,1.08802,54,50
2022-05-04 14:40:01.415000,1.08842,1.08792,54,50
2022-05-04 14:40:01.893000,1.08837,1.08787,54,50
2022-05-04 14:40:02.144000,1.08842,1.08792,54,50
2022-05-04 14:40:02.319000,1.08847,1.08797,54,50
2022-05-04 14:40:02.449000,1.08857,1.08807,54,50
2022-05-04 14:40:02.723000,1.08852,1.08802,54,50
2022-05-04 14:40:03.139000,1.08847,1.08797,54,50
2022-05-04 14:40:03.244000,1.08829,1.08779,54,433
2022-05-04 14:40:03.417000,1.08827,1.08777,54,50
2022-05-04 14:40:03.740000,1.08837,1.08787,54,50
2022-05-04 14:40:03.890000,1.08842,1.08792,431,50
2022-05-04 14:40:03.991000,1.08842,1.08792,54,50
2022-05-04 14:40:04.092000,1.08852,1.08802,54,50
2022-05-04 14:40:04.747000,1.08846,1.08794,67,50
2022-05-04 14:40:05.041000,1.08819,1.08769,54,433
2022-05-04 14:40:05.365000,1.08817,1.08767,54,50
2022-05-04 14:40:06.355000,1.08782,1.08732,54,54
2022-05-04 14:40:06.502000,1.08786,1.08736,54,54
2022-05-04 14:40:06.553000,1.08786,1.08736,54,50
2022-05-04 14:40:06.895000,1.08797,1.08747,54,50
2022-05-04 14:40:07.139000,1.08802,1.08752,54,50
2022-05-04 14:40:07.341000,1.08812,1.08762,431,50
2022-05-04 14:40:07.536000,1.08812,1.08762,54,50
2022-05-04 14:40:07.702000,1.08802,1.08752,54,50
2022-05-04 14:40:08.014000,1.08792,1.08742,54,50
2022-05-04 14:40:08.246000,1.08777,1.08727,54,50
2022-05-04 14:40:08.736000,1.08797,1.08747,431,50
2022-05-04 14:40:08.786000,1.08797,1.08747,54,50
2022-05-04 14:40:08.963000,1.08792,1.08742,54,50
2022-05-04 14:40:09.080000,1.08772,1.08722,54,50
2022-05-04 14:40:10.297000,1.08767,1.08717,54,50
2022-05-04 14:40:10.398000,1.08777,1.08727,54,50
2022-05-04 14:40:10.534000,1.08797,1.08747,431,50
2022-05-04 14:40:10.652000,1.08797,1.08747,54,50
2022-05-04 14:40:11.119000,1.08802,1.08752,54,271
2022-05-04 14:40:11.169000,1.08817,1.08767,54,50
2022-05-04 14:40:11.288000,1.08822,1.08772,54,50
2022-05-04 14:40:11.535000,1.08832,1.08782,431,50
2022-05-04 14:40:11.710000,1.08807,1.08757,54,50
2022-05-04 14:40:12.278000,1.08822,1.08772,431,50
2022-05-04 14:40:12.483000,1.08822,1.08772,54,50
2022-05-04 14:40:13.090000,1.08837,1.08787,54,50
2022-05-04 14:40:13.269000,1.08819,1.08769,54,433
2022-05-04 14:40:13.522000,1.08832,1.08782,54,50
2022-05-04 14:40:13.812000,1.08842,1.08792,54,50
2022-05-04 14:40:14.065000,1.08837,1.08787,54,54
2022-05-04 14:40:14.303000,1.08842,1.08792,54,50
2022-05-04 14:40:14.802000,1.08832,1.08782,54,50
2022-05-04 14:40:14.969000,1.08837,1.08787,54,50
2022-05-04 14:40:15.495000,1.08847,1.08797,54,50
2022-05-04 14:40:15.596000,1.08842,1.08792,54,50
2022-05-04 14:40:15.735000,1.08837,1.08787,54,50
2022-05-04 14:40:16.336000,1.08827,1.08777,54,54
2022-05-04 14:40:16.708000,1.08832,1.08782,54,50
2022-05-04 14:40:16.991000,1.08837,1.08787,54,50
2022-05-04 14:40:17.781000,1.08832,1.08782,54,50
2022-05-04 14:40:18.219000,1.08847,1.08797,54,50
2022-05-04 14:40:18.333000,1.08842,1.08792,54,50
2022-05-04 14:40:18.674000,1.08827,1.08777,54,54
2022-05-04 14:40:18.775000,1.08832,1.08782,54,50
2022-05-04 14:40:19.356000,1.08822,1.08772,54,50
2022-05-04 14:40:20.204000,1.08817,1.08767,54,50
2022-05-04 14:40:21.039000,1.08822,1.08772,54,271
2022-05-04 14:40:21.090000,1.08842,1.08792,54,50
2022-05-04 14:40:21.190000,1.08862,1.08812,431,50
2022-05-04 14:40:21.241000,1.08858,1.08808,269,50
2022-05-04 14:40:21.292000,1.08867,1.08817,431,50
2022-05-04 14:40:21.377000,1.08867,1.08817,54,50
2022-05-04 14:40:21.428000,1.08862,1.08812,54,50
2022-05-04 14:40:21.543000,1.08872,1.08822,54,50
2022-05-04 14:40:21.971000,1.08877,1.08827,54,50
2022-05-04 14:40:22.181000,1.08882,1.08832,54,50
2022-05-04 14:40:22.993000,1.08887,1.08837,54,50
2022-05-04 14:40:25.096000,1.08847,1.08797,54,134
2022-05-04 14:40:25.197000,1.08898,1.08822,359,1
2022-05-04 14:40:25.273000,1.08827,1.08777,54,54
2022-05-04 14:40:25.555000,1.08842,1.08792,431,50
2022-05-04 14:40:25.657000,1.08837,1.08787,54,50
2022-05-04 14:40:25.927000,1.08832,1.08782,54,50
2022-05-04 14:40:26.158000,1.08837,1.08787,54,50
2022-05-04 14:40:27.506000,1.08832,1.08782,54,50
2022-05-04 14:40:28.159000,1.08837,1.08787,54,50
2022-05-04 14:40:28.782000,1.08862,1.08812,54,433
2022-05-04 14:40:28.949000,1.08882,1.08832,54,50
2022-05-04 14:40:29.157000,1.08867,1.08817,54,54
2022-05-04 14:40:29.314000,1.08862,1.08812,54,50
2022-05-04 14:40:29.897000,1.08852,1.08802,54,50
2022-05-04 14:40:30.361000,1.08862,1.08812,54,50
2022-05-04 14:40:30.512000,1.08852,1.08802,54,50
2022-05-04 14:40:30.872000,1.08847,1.08797,54,50
2022-05-04 14:40:31.041000,1.08852,1.08802,54,50
2022-05-04 14:40:31.353000,1.08877,1.08827,431,50
2022-05-04 14:40:31.529000,1.08877,1.08827,54,50
2022-05-04 14:40:31.874000,1.08859,1.08809,54,541
2022-05-04 14:40:32.513000,1.08877,1.08827,54,50
2022-05-04 14:40:33.432000,1.08872,1.08822,54,50
2022-05-04 14:40:33.740000,1.08862,1.08812,54,50
2022-05-04 14:40:36.147000,1.08827,1.08777,54,54
2022-05-04 14:40:36.268000,1.08827,1.08777,54,50
2022-05-04 14:40:36.403000,1.08842,1.08792,431,50
2022-05-04 14:40:36.655000,1.08842,1.08792,54,50
2022-05-04 14:40:36.765000,1.08851,1.08801,54,50
2022-05-04 14:40:36.885000,1.08847,1.08797,54,54
2022-05-04 14:40:37.553000,1.08857,1.08807,54,50
2022-05-04 14:40:37.697000,1.08862,1.08812,54,50
2022-05-04 14:40:39.574000,1.08857,1.08807,54,50
2022-05-04 14:40:41.022000,1.08852,1.08802,54,50
2022-05-04 14:40:42.648000,1.08857,1.08807,54,50
2022-05-04 14:40:42.900000,1.08862,1.08812,54,50
2022-05-04 14:40:43.638000,1.08867,1.08817,54,50
2022-05-04 14:40:45.395000,1.08862,1.08812,54,50
2022-05-04 14:40:46.641000,1.08867,1.08817,54,50
2022-05-04 14:40:48.114000,1.08877,1.08827,54,50
2022-05-04 14:40:50.773000,1.08882,1.08832,54,271
2022-05-04 14:40:50.824000,1.08902,1.08852,54,50
2022-05-04 14:40:51.561000,1.08922,1.08872,431,50
2022-05-04 14:40:51.840000,1.08922,1.08872,54,50
2022-05-04 14:40:51.947000,1.08927,1.08877,54,50
2022-05-04 14:40:52.341000,1.08932,1.08882,54,50
2022-05-04 14:40:53.211000,1.08927,1.08877,54,50
2022-05-04 14:40:53.354000,1.08922,1.08872,54,50
2022-05-04 14:40:55.413000,1.08917,1.08867,54,50
2022-05-04 14:40:55.514000,1.08897,1.08847,54,54
2022-05-04 14:40:55.613000,1.08897,1.08847,54,50
2022-05-04 14:40:56.203000,1.08892,1.08842,54,50
2022-05-04 14:40:56.315000,1.08897,1.08847,54,50
2022-05-04 14:40:56.767000,1.08907,1.08857,54,50
2022-05-04 14:40:57.257000,1.08927,1.08877,431,50
2022-05-04 14:40:57.371000,1.08927,1.08877,54,50
2022-05-04 14:40:58.739000,1.08917,1.08867,54,54
2022-05-04 14:40:59.986000,1.08907,1.08857,54,54
2022-05-04 14:41:00.285000,1.08902,1.08852,54,50
2022-05-04 14:41:00.424000,1.08892,1.08842,54,50
2022-05-04 14:41:00.580000,1.08902,1.08852,54,50
2022-05-04 14:41:00.826000,1.08887,1.08837,54,54
2022-05-04 14:41:01.091000,1.08902,1.08852,54,50
2022-05-04 14:41:01.622000,1.08892,1.08842,54,50
2022-05-04 14:41:01.867000,1.08888,1.08838,269,50
2022-05-04 14:41:01.951000,1.08877,1.08827,54,50
2022-05-04 14:41:02.037000,1.08882,1.08832,54,271
2022-05-04 14:41:02.878000,1.08892,1.08842,54,50
2022-05-04 14:41:04.250000,1.08902,1.08852,54,50
2022-05-04 14:41:05.430000,1.08912,1.08862,54,1
2022-05-04 14:41:05.519000,1.08922,1.08872,54,50
2022-05-04 14:41:05.915000,1.08917,1.08867,54,50
2022-05-04 14:41:06.421000,1.08907,1.08857,54,50
2022-05-04 14:41:06.750000,1.08902,1.08852,54,50
2022-05-04 14:41:07.137000,1.08907,1.08857,54,50
2022-05-04 14:41:07.932000,1.08912,1.08862,54,50
2022-05-04 14:41:08.140000,1.08917,1.08867,54,50
2022-05-04 14:41:09.131000,1.08922,1.08872,54,50
2022-05-04 14:41:10.227000,1.08927,1.08877,54,50
2022-05-04 14:41:11.122000,1.08922,1.08872,54,50
2022-05-04 14:41:11.508000,1.08917,1.08867,54,50
2022-05-04 14:41:11.634000,1.08927,1.08877,54,50
2022-05-04 14:41:11.833000,1.08932,1.08882,54,50
2022-05-04 14:41:12.607000,1.08927,1.08877,54,50
2022-05-04 14:41:12.775000,1.08932,1.08882,54,50
2022-05-04 14:41:13.101000,1.08937,1.08887,54,50
2022-05-04 14:41:13.213000,1.08942,1.08892,54,50
2022-05-04 14:41:13.450000,1.08947,1.08897,54,50
2022-05-04 14:41:14.076000,1.08957,1.08907,54,50
2022-05-04 14:41:14.465000,1.08947,1.08897,54,50
2022-05-04 14:41:14.671000,1.08952,1.08902,431,50
2022-05-04 14:41:14.797000,1.08947,1.08897,54,50
2022-05-04 14:41:15.081000,1.08942,1.08892,54,50
2022-05-04 14:41:16.654000,1.08947,1.08897,54,50
2022-05-04 14:41:16.830000,1.08937,1.08887,54,50
2022-05-04 14:41:17.667000,1.08947,1.08897,54,50
2022-05-04 14:41:17.975000,1.08957,1.08907,54,50
2022-05-04 14:41:18.306000,1.08952,1.08902,54,50
2022-05-04 14:41:18.478000,1.08957,1.08907,54,50
2022-05-04 14:41:18.922000,1.08968,1.08892,269,361
2022-05-04 14:41:19.528000,1.09047,1.08997,431,50
2022-05-04 14:41:19.660000,1.09047,1.08997,54,50
2022-05-04 14:41:20.356000,1.09042,1.08992,54,50
2022-05-04 14:41:20.501000,1.09032,1.08982,54,50
2022-05-04 14:41:20.757000,1.09022,1.08972,54,50
2022-05-04 14:41:20.900000,1.09017,1.08967,54,50
2022-05-04 14:41:21.056000,1.09012,1.08962,54,50
2022-05-04 14:41:21.399000,1.09006,1.08956,54,50
2022-05-04 14:41:21.967000,1.09012,1.08962,54,50
2022-05-04 14:41:22.780000,1.09017,1.08967,54,50
2022-05-04 14:41:23.976000,1.09027,1.08977,54,50
2022-05-04 14:41:24.480000,1.09017,1.08967,54,50
2022-05-04 14:41:25.303000,1.09012,1.08962,54,50
2022-05-04 14:41:25.612000,1.09006,1.08956,54,50
2022-05-04 14:41:26.099000,1.09002,1.08952,54,50
2022-05-04 14:41:26.300000,1.08997,1.08947,54,54
2022-05-04 14:41:26.598000,1.09012,1.08962,431,50
2022-05-04 14:41:26.845000,1.09012,1.08962,54,50
2022-05-04 14:41:27.608000,1.09002,1.08952,54,50
2022-05-04 14:41:28.460000,1.08997,1.08947,54,50
2022-05-04 14:41:34.160000,1.09006,1.08956,54,50
2022-05-04 14:41:34.326000,1.09002,1.08952,54,50
2022-05-04 14:41:38.585000,1.09022,1.08972,431,50
2022-05-04 14:41:38.724000,1.09027,1.08977,54,50
2022-05-04 14:41:39.350000,1.09036,1.08986,54,50
2022-05-04 14:41:39.515000,1.09027,1.08977,54,50
2022-05-04 14:41:40.568000,1.09012,1.08962,54,50
2022-05-04 14:41:40.895000,1.09002,1.08952,54,50
2022-05-04 14:41:41.422000,1.09012,1.08962,54,50
2022-05-04 14:41:41.672000,1.09022,1.08972,54,50
2022-05-04 14:41:42.607000,1.09027,1.08977,54,50
2022-05-04 14:41:43.402000,1.08997,1.08947,54,54
2022-05-04 14:41:43.559000,1.08997,1.08947,54,50
2022-05-04 14:41:43.677000,1.08987,1.08937,54,54
2022-05-04 14:41:43.828000,1.08992,1.08942,54,50
2022-05-04 14:41:46.408000,1.09006,1.08956,54,50
2022-05-04 14:41:46.512000,1.09017,1.08967,54,50
2022-05-04 14:41:47.917000,1.09022,1.08972,54,50
2022-05-04 14:41:48.027000,1.09012,1.08962,54,50
2022-05-04 14:41:48.213000,1.08999,1.08949,54,433
2022-05-04 14:41:49.496000,1.08997,1.08947,54,50
2022-05-04 14:41:50.129000,1.09017,1.08967,431,50
2022-05-04 14:41:50.338000,1.09017,1.08967,54,54
2022-05-04 14:41:50.442000,1.09009,1.08959,54,433
2022-05-04 14:41:50.694000,1.09017,1.08967,54,50
2022-05-04 14:41:51.232000,1.09012,1.08962,54,50
2022-05-04 14:41:51.756000,1.09017,1.08967,54,50
2022-05-04 14:41:51.989000,1.09012,1.08962,54,50
2022-05-04 14:41:52.534000,1.09017,1.08967,54,50
2022-05-04 14:41:53.310000,1.09057,1.09007,431,50
2022-05-04 14:41:53.409000,1.09057,1.09007,54,54
2022-05-04 14:41:53.459000,1.09062,1.09012,54,50
2022-05-04 14:41:53.858000,1.09067,1.09017,54,50
2022-05-04 14:41:54.475000,1.09062,1.09012,54,50
2022-05-04 14:41:54.674000,1.09049,1.08999,54,433
2022-05-04 14:41:54.910000,1.09047,1.08997,54,50
2022-05-04 14:41:55.031000,1.09036,1.08986,54,50
2022-05-04 14:41:55.196000,1.09032,1.08982,54,50
2022-05-04 14:41:57.726000,1.09027,1.08977,54,50
2022-05-04 14:41:57.931000,1.09032,1.08982,54,50
2022-05-04 14:41:58.198000,1.09042,1.08992,54,50
2022-05-04 14:41:58.986000,1.09036,1.08986,54,50
2022-05-04 14:41:59.124000,1.09032,1.08982,54,50
2022-05-04 14:41:59.453000,1.09027,1.08977,54,54
2022-05-04 14:42:00.685000,1.09036,1.08986,54,50
2022-05-04 14:42:00.974000,1.09042,1.08992,54,271
2022-05-04 14:42:01.024000,1.09057,1.09007,54,50
2022-05-04 14:42:02.273000,1.09042,1.08992,54,50
2022-05-04 14:42:02.594000,1.09036,1.08986,54,50
2022-05-04 14:42:02.704000,1.09042,1.08992,54,50
2022-05-04 14:42:03.131000,1.09036,1.08986,54,50
2022-05-04 14:42:04.630000,1.09047,1.08997,54,50
2022-05-04 14:42:05.044000,1.09052,1.09002,54,50
2022-05-04 14:42:06.447000,1.09062,1.09012,54,50
2022-05-04 14:42:07.123000,1.09067,1.09017,54,50
2022-05-04 14:42:07.384000,1.09072,1.09022,54,50
2022-05-04 14:42:07.890000,1.09067,1.09017,54,50
2022-05-04 14:42:07.999000,1.09049,1.08999,54,433
2022-05-04 14:42:09.375000,1.09048,1.08998,269,50
2022-05-04 14:42:09.490000,1.09036,1.08986,54,50
2022-05-04 14:42:10.176000,1.09047,1.08997,54,50
2022-05-04 14:42:10.329000,1.09052,1.09002,54,50
2022-05-04 14:42:11.235000,1.09047,1.08997,54,50
2022-05-04 14:42:11.469000,1.09036,1.08986,54,50
2022-05-04 14:42:11.590000,1.09042,1.08992,54,50
2022-05-04 14:42:12.068000,1.09036,1.08986,54,50
2022-05-04 14:42:12.933000,1.09032,1.08982,54,50
2022-05-04 14:42:13.232000,1.09027,1.08977,54,54
2022-05-04 14:42:13.386000,1.09032,1.08982,54,50
2022-05-04 14:42:14.188000,1.09027,1.08977,54,50
2022-05-04 14:42:14.298000,1.09009,1.08959,54,433
2022-05-04 14:42:15.099000,1.08976,1.08926,54,271
2022-05-04 14:42:15.157000,1.08976,1.08924,54,50
2022-05-04 14:42:15.207000,1.08982,1.08932,54,50
2022-05-04 14:42:15.332000,1.08987,1.08937,54,50
2022-05-04 14:42:15.433000,1.08997,1.08947,54,50
2022-05-04 14:42:16.382000,1.08992,1.08942,54,50
2022-05-04 14:42:17.458000,1.08987,1.08937,54,50
2022-05-04 14:42:17.993000,1.08997,1.08947,54,50
2022-05-04 14:42:18.811000,1.09006,1.08956,54,50
2022-05-04 14:42:21.041000,1.08997,1.08947,54,50
2022-05-04 14:42:21.371000,1.09002,1.08952,54,50
2022-05-04 14:42:21.705000,1.08992,1.08942,54,50
2022-05-04 14:42:23.146000,1.08997,1.08947,54,50
2022-05-04 14:42:24.616000,1.08992,1.08942,54,50
2022-05-04 14:42:24.810000,1.08987,1.08937,54,54
2022-05-04 14:42:25.663000,1.08976,1.08926,54,54
2022-05-04 14:42:27.648000,1.08987,1.08937,54,50
2022-05-04 14:42:28.736000,1.08982,1.08932,54,50
2022-05-04 14:42:29.774000,1.08987,1.08937,54,50
2022-05-04 14:42:30.733000,1.08992,1.08942,54,50
2022-05-04 14:42:31.424000,1.09006,1.08956,54,50
2022-05-04 14:42:31.655000,1.09012,1.08962,54,50
2022-05-04 14:42:32.355000,1.09006,1.08956,54,50
2022-05-04 14:42:32.484000,1.09012,1.08962,54,50
2022-05-04 14:42:32.645000,1.09017,1.08967,54,50
2022-05-04 14:42:32.797000,1.09006,1.08956,54,50
2022-05-04 14:42:33.149000,1.09017,1.08967,54,50
2022-05-04 14:42:33.394000,1.09012,1.08962,54,50
2022-05-04 14:42:33.585000,1.09022,1.08972,54,50
2022-05-04 14:42:33.686000,1.09017,1.08967,54,50
2022-05-04 14:42:33.804000,1.09009,1.08959,54,433
2022-05-04 14:42:33.929000,1.09022,1.08972,54,50
2022-05-04 14:42:34.043000,1.09017,1.08967,54,54
2022-05-04 14:42:34.246000,1.09006,1.08956,54,54
2022-05-04 14:42:35.361000,1.08997,1.08947,54,54
2022-05-04 14:42:36.064000,1.08987,1.08937,54,54
2022-05-04 14:42:37.092000,1.08992,1.08942,54,50
2022-05-04 14:42:37.390000,1.08987,1.08937,54,54
2022-05-04 14:42:38.816000,1.08982,1.08932,54,50
2022-05-04 14:42:38.958000,1.08972,1.08922,54,50
2022-05-04 14:42:40.361000,1.08976,1.08926,54,50
2022-05-04 14:42:44.878000,1.08972,1.08922,54,50
2022-05-04 14:42:44.996000,1.08967,1.08917,54,54
2022-05-04 14:42:45.097000,1.08937,1.08887,54,54
2022-05-04 14:42:45.147000,1.08939,1.08889,54,433
2022-05-04 14:42:45.209000,1.08917,1.08867,54,54
2022-05-04 14:42:45.268000,1.08922,1.08872,54,271
2022-05-04 14:42:45.466000,1.08917,1.08867,54,54
2022-05-04 14:42:45.570000,1.08922,1.08872,54,50
2022-05-04 14:42:45.797000,1.08927,1.08877,54,50
2022-05-04 14:42:45.935000,1.08937,1.08887,54,50
2022-05-04 14:42:46.280000,1.08952,1.08902,54,50
2022-05-04 14:42:46.553000,1.08962,1.08912,54,50
2022-05-04 14:42:47.253000,1.08957,1.08907,54,50
2022-05-04 14:42:47.380000,1.08962,1.08912,54,50
2022-05-04 14:42:47.561000,1.08967,1.08917,54,50
2022-05-04 14:42:47.777000,1.08962,1.08912,54,50
2022-05-04 14:42:48.031000,1.08967,1.08917,54,50
2022-05-04 14:42:49.828000,1.08957,1.08907,54,54
2022-05-04 14:42:51.508000,1.08939,1.08889,54,433
2022-05-04 14:42:53.949000,1.08952,1.08902,54,50
2022-05-04 14:42:55.234000,1.08937,1.08887,54,54
2022-05-04 14:42:55.385000,1.08942,1.08892,54,50
2022-05-04 14:42:55.512000,1.08937,1.08887,54,50
2022-05-04 14:42:55.967000,1.08942,1.08892,54,50
2022-05-04 14:42:56.394000,1.08947,1.08897,54,50
2022-05-04 14:42:58.130000,1.08957,1.08907,54,50
2022-05-04 14:42:58.681000,1.08978,1.08912,269,361
2022-05-04 14:42:58.853000,1.09017,1.08967,54,50
2022-05-04 14:43:00.147000,1.09002,1.08952,54,50
2022-05-04 14:43:00.599000,1.09006,1.08956,54,50
2022-05-04 14:43:00.770000,1.08997,1.08947,54,50
2022-05-04 14:43:01.136000,1.08992,1.08942,54,50
2022-05-04 14:43:01.568000,1.08987,1.08937,54,54
2022-05-04 14:43:01.736000,1.08989,1.08939,54,433
2022-05-04 14:43:02.900000,1.08957,1.08907,54,54
2022-05-04 14:43:02.951000,1.08962,1.08912,54,271
2022-05-04 14:43:03.077000,1.08957,1.08907,54,50
2022-05-04 14:43:03.670000,1.08952,1.08902,54,50
2022-05-04 14:43:04.221000,1.08967,1.08917,54,50
2022-05-04 14:43:04.422000,1.08957,1.08907,54,54
2022-05-04 14:43:05.312000,1.08976,1.08926,431,50
2022-05-04 14:43:05.362000,1.08976,1.08926,54,54
2022-05-04 14:43:05.430000,1.08987,1.08937,54,50
2022-05-04 14:43:07.152000,1.08992,1.08942,54,50
2022-05-04 14:43:07.303000,1.08997,1.08947,54,50
2022-05-04 14:43:08.132000,1.09006,1.08956,54,50
2022-05-04 14:43:10.708000,1.09012,1.08962,54,50
2022-05-04 14:43:10.819000,1.09006,1.08956,54,50
2022-05-04 14:43:11.231000,1.09012,1.08962,54,50
2022-05-04 14:43:12.543000,1.09017,1.08967,54,50
2022-05-04 14:43:12.702000,1.09022,1.08972,54,50
2022-05-04 14:43:14.488000,1.09002,1.08952,54,54
2022-05-04 14:43:14.662000,1.09002,1.08952,54,50
2022-05-04 14:43:15.213000,1.09012,1.08962,54,50
2022-05-04 14:43:16.729000,1.09017,1.08967,54,50
2022-05-04 14:43:17.296000,1.09022,1.08972,54,50
2022-05-04 14:43:17.523000,1.09017,1.08967,54,54
2022-05-04 14:43:20.538000,1.09022,1.08972,54,50
2022-05-04 14:43:20.694000,1.09017,1.08967,54,54
2022-05-04 14:43:24.939000,1.09012,1.08962,54,50
2022-05-04 14:43:25.059000,1.09017,1.08967,54,50
2022-05-04 14:43:27.112000,1.08987,1.08937,54,54
2022-05-04 14:43:27.182000,1.08997,1.08947,54,54
2022-05-04 14:43:27.297000,1.08992,1.08942,54,50
2022-05-04 14:43:27.610000,1.08987,1.08937,54,50
2022-05-04 14:43:27.823000,1.08992,1.08942,54,50
2022-05-04 14:43:28.222000,1.08987,1.08937,54,50
2022-05-04 14:43:28.584000,1.08982,1.08932,54,50
2022-05-04 14:43:29.008000,1.08976,1.08924,54,50
2022-05-04 14:43:29.153000,1.08982,1.08932,54,50
2022-05-04 14:43:29.297000,1.08992,1.08942,54,50
2022-05-04 14:43:29.695000,1.08982,1.08932,54,50
2022-05-04 14:43:29.844000,1.08976,1.08926,54,50
2022-05-04 14:43:30.010000,1.08959,1.08909,54,433
2022-05-04 14:43:30.199000,1.08976,1.08926,54,50
2022-05-04 14:43:30.598000,1.08959,1.08909,54,433
2022-05-04 14:43:31.583000,1.08966,1.08914,54,50
2022-05-04 14:43:31.735000,1.08952,1.08902,54,50
2022-05-04 14:43:31.895000,1.08962,1.08912,54,50
2022-05-04 14:43:32.149000,1.08952,1.08902,54,50
2022-05-04 14:43:32.265000,1.08927,1.08877,54,50
2022-05-04 14:43:32.498000,1.08937,1.08887,54,50
2022-05-04 14:43:33.844000,1.08942,1.08892,54,50
2022-05-04 14:43:34.323000,1.08947,1.08897,54,50
2022-05-04 14:43:34.630000,1.08942,1.08892,54,50
2022-05-04 14:43:37.675000,1.08938,1.08888,269,50
2022-05-04 14:43:37.764000,1.08932,1.08882,54,50
2022-05-04 14:43:37.901000,1.08917,1.08867,54,54
2022-05-04 14:43:38.130000,1.08902,1.08852,54,54
2022-05-04 14:43:38.181000,1.08902,1.08852,54,50
2022-05-04 14:43:38.246000,1.08887,1.08837,54,54
2022-05-04 14:43:38.397000,1.08897,1.08847,54,50
2022-05-04 14:43:38.518000,1.08892,1.08842,54,50
2022-05-04 14:43:38.656000,1.08897,1.08847,54,50
2022-05-04 14:43:39.131000,1.08917,1.08867,54,50
2022-05-04 14:43:39.249000,1.08922,1.08872,54,50
2022-05-04 14:43:39.855000,1.08917,1.08867,54,50
2022-05-04 14:43:42.182000,1.08906,1.08854,54,54
2022-05-04 14:43:42.333000,1.08912,1.08862,54,50
2022-05-04 14:43:42.435000,1.08932,1.08882,431,50
2022-05-04 14:43:42.499000,1.08927,1.08877,54,50
2022-05-04 14:43:43.439000,1.08917,1.08867,54,54
2022-05-04 14:43:43.821000,1.08912,1.08862,54,50
2022-05-04 14:43:44.781000,1.08917,1.08867,54,50
2022-05-04 14:43:47.329000,1.08927,1.08877,54,50
2022-05-04 14:43:47.598000,1.08932,1.08882,54,50
2022-05-04 14:43:47.784000,1.08907,1.08857,54,50
2022-05-04 14:43:50.220000,1.08912,1.08862,54,50
2022-05-04 14:43:50.757000,1.08917,1.08867,54,50
2022-05-04 14:43:51.111000,1.08922,1.08872,54,50
2022-05-04 14:43:53.855000,1.08877,1.08827,54,54
2022-05-04 14:43:54.315000,1.08882,1.08832,54,50
2022-05-04 14:43:55.505000,1.08877,1.08827,54,50
2022-05-04 14:43:55.647000,1.08882,1.08832,54,50
2022-05-04 14:43:55.785000,1.08902,1.08852,431,50
2022-05-04 14:43:55.835000,1.08892,1.08842,54,50
2022-05-04 14:43:55.946000,1.08897,1.08847,54,50
2022-05-04 14:43:57.660000,1.08902,1.08852,54,50
2022-05-04 14:43:59.990000,1.08922,1.08872,431,50
2022-05-04 14:44:00.125000,1.08922,1.08872,54,433
2022-05-04 14:44:02.960000,1.08899,1.08849,54,433
2022-05-04 14:44:03.166000,1.08892,1.08842,54,50
2022-05-04 14:44:04.329000,1.08887,1.08837,54,50
2022-05-04 14:44:06.231000,1.08892,1.08842,54,271
2022-05-04 14:44:06.328000,1.08897,1.08847,54,54
2022-05-04 14:44:07.136000,1.08902,1.08852,54,50
2022-05-04 14:44:07.874000,1.08897,1.08847,54,50
2022-05-04 14:44:08.142000,1.08902,1.08852,54,50
2022-05-04 14:44:08.247000,1.08889,1.08839,54,433
2022-05-04 14:44:08.425000,1.08882,1.08832,54,50
2022-05-04 14:44:09.257000,1.08892,1.08842,54,50
2022-05-04 14:44:09.548000,1.08887,1.08837,54,50
2022-05-04 14:44:09.860000,1.08892,1.08842,54,50
2022-05-04 14:44:10.940000,1.08887,1.08837,54,50
2022-05-04 14:44:13.052000,1.08881,1.08831,54,50
2022-05-04 14:44:14.135000,1.08869,1.08819,54,433
2022-05-04 14:44:14.237000,1.08857,1.08807,54,54
2022-05-04 14:44:14.338000,1.08857,1.08807,54,50
2022-05-04 14:44:15.251000,1.08862,1.08812,54,50
2022-05-04 14:44:15.376000,1.08867,1.08817,54,50
2022-05-04 14:44:15.718000,1.08857,1.08807,54,54
2022-05-04 14:44:16.302000,1.08852,1.08802,54,50
2022-05-04 14:44:16.823000,1.08857,1.08807,54,50
2022-05-04 14:44:17.236000,1.08851,1.08801,54,50
2022-05-04 14:44:17.969000,1.08857,1.08807,54,50
2022-05-04 14:44:19.965000,1.08867,1.08817,54,50
2022-05-04 14:44:21.137000,1.08857,1.08807,54,50
2022-05-04 14:44:22.772000,1.08837,1.08787,54,54
2022-05-04 14:44:23.479000,1.08822,1.08772,54,50
2022-05-04 14:44:23.612000,1.08812,1.08762,54,1
2022-05-04 14:44:23.778000,1.08786,1.08736,54,50
2022-05-04 14:44:25.132000,1.08807,1.08757,431,50
2022-05-04 14:44:25.315000,1.08807,1.08757,54,50
2022-05-04 14:44:25.736000,1.08802,1.08752,54,50
2022-05-04 14:44:25.887000,1.08822,1.08772,431,50
2022-05-04 14:44:26.034000,1.08817,1.08767,54,50
2022-05-04 14:44:26.368000,1.08799,1.08749,54,433
2022-05-04 14:44:29.308000,1.08807,1.08757,54,50
2022-05-04 14:44:29.613000,1.08812,1.08762,54,50
2022-05-04 14:44:30.167000,1.08802,1.08752,54,50
2022-05-04 14:44:31.157000,1.08797,1.08747,54,50
2022-05-04 14:44:33.919000,1.08782,1.08732,54,50
2022-05-04 14:44:34.061000,1.08797,1.08747,54,50
2022-05-04 14:44:34.239000,1.08782,1.08732,54,50
2022-05-04 14:44:34.681000,1.08792,1.08742,54,50
2022-05-04 14:44:35.135000,1.08782,1.08732,54,50
2022-05-04 14:44:35.249000,1.08797,1.08747,431,50
2022-05-04 14:44:35.323000,1.08797,1.08747,54,50
2022-05-04 14:44:35.449000,1.08792,1.08742,54,50
2022-05-04 14:44:36.557000,1.08807,1.08757,54,50
2022-05-04 14:44:37.138000,1.08802,1.08752,54,50
2022-05-04 14:44:38.419000,1.08786,1.08736,54,54
2022-05-04 14:44:40.566000,1.08792,1.08742,54,50
2022-05-04 14:44:40.967000,1.08797,1.08747,54,50
2022-05-04 14:44:41.317000,1.08807,1.08757,54,50
2022-05-04 14:44:41.492000,1.08827,1.08777,431,50
2022-05-04 14:44:41.542000,1.08827,1.08777,54,50
2022-05-04 14:44:41.619000,1.08822,1.08772,54,50
2022-05-04 14:44:42.132000,1.08827,1.08777,54,50
2022-05-04 14:44:42.710000,1.08817,1.08767,54,50
2022-05-04 14:44:43.152000,1.08786,1.08736,54,54
2022-05-04 14:44:43.307000,1.08786,1.08736,54,50
2022-05-04 14:44:43.358000,1.08792,1.08742,54,50
2022-05-04 14:44:43.548000,1.08786,1.08736,54,50
2022-05-04 14:44:43.892000,1.08792,1.08742,54,50
2022-05-04 14:44:44.131000,1.08786,1.08736,54,50
2022-05-04 14:44:45.058000,1.08769,1.08719,54,433
2022-05-04 14:44:45.593000,1.08762,1.08712,54,50
2022-05-04 14:44:46.034000,1.08722,1.08672,54,54
2022-05-04 14:44:46.102000,1.08722,1.08672,54,433
2022-05-04 14:44:46.153000,1.08737,1.08687,54,50
2022-05-04 14:44:46.462000,1.08732,1.08682,54,50
2022-05-04 14:44:46.617000,1.08747,1.08697,54,50
2022-05-04 14:44:47.002000,1.08786,1.08736,431,50
2022-05-04 14:44:47.059000,1.08786,1.08736,54,50
2022-05-04 14:44:47.187000,1.08777,1.08727,54,54
2022-05-04 14:44:47.338000,1.08782,1.08732,54,50
2022-05-04 14:44:47.486000,1.08777,1.08727,54,54
2022-05-04 14:44:47.755000,1.08782,1.08732,54,50
2022-05-04 14:44:47.924000,1.08786,1.08736,54,50
2022-05-04 14:44:48.025000,1.08792,1.08742,54,50
2022-05-04 14:44:48.161000,1.08777,1.08727,54,54
2022-05-04 14:44:49.052000,1.08767,1.08717,54,54
2022-05-04 14:44:50.144000,1.08756,1.08706,54,54
2022-05-04 14:44:50.663000,1.08762,1.08712,54,50
2022-05-04 14:44:50.889000,1.08756,1.08706,54,50
2022-05-04 14:44:51.657000,1.08752,1.08702,54,50
2022-05-04 14:44:52.178000,1.08748,1.08698,269,50
2022-05-04 14:44:52.228000,1.08726,1.08676,54,54
2022-05-04 14:44:52.401000,1.08747,1.08697,54,50
2022-05-04 14:44:53.139000,1.08737,1.08687,54,54
2022-05-04 14:44:53.322000,1.08747,1.08697,54,50
2022-05-04 14:44:53.667000,1.08756,1.08706,54,50
2022-05-04 14:44:54.052000,1.08752,1.08702,54,50
2022-05-04 14:44:54.208000,1.08756,1.08706,54,50
2022-05-04 14:44:55.144000,1.08752,1.08702,54,50
2022-05-04 14:44:57.241000,1.08756,1.08706,54,50
2022-05-04 14:44:59.138000,1.08767,1.08717,54,50
2022-05-04 14:45:01.414000,1.08772,1.08722,54,271
