time,ask,bid,ask_volume,bid_volume
2022-03-11 14:55:00.094000,1.16883,1.1688,1890000,1200000
2022-03-11 14:55:02.030000,1.16885,1.16882,3300000,1200000
2022-03-11 14:55:02.133000,1.16885,1.16881,1440000,1200000
2022-03-11 14:55:02.641000,1.16883,1.16879,1890000,1200000
2022-03-11 14:55:02.743000,1.16881,1.16878,1200000,1200000
2022-03-11 14:55:05.095000,1.1688,1.16877,1200000,1200000
2022-03-11 14:55:05.721000,1.16881,1.16877,2790000,1200000
2022-03-11 14:55:07.826000,1.16882,1.16878,1840000,1200000
2022-03-11 14:55:11.977000,1.16883,1.16881,1200000,1440000
2022-03-11 14:55:12.283000,1.16883,1.16879,2250000,1720000
2022-03-11 14:55:12.385000,1.16883,1.16878,1200000,1720000
2022-03-11 14:55:13.509000,1.16882,1.16879,1200000,1440000
2022-03-11 14:55:29.298000,1.16882,1.16879,1720000,1200000
2022-03-11 14:55:29.531000,1.16883,1.16879,2170000,1200000
2022-03-11 14:55:31.528000,1.16883,1.16877,1720000,1440000
2022-03-11 14:55:32.527000,1.16882,1.16878,2250000,1440000
2022-03-11 14:55:33.199000,1.16882,1.16879,2250000,1200000
2022-03-11 14:55:39.986000,1.16882,1.16879,2660000,1200000
2022-03-11 14:55:40.139000,1.16882,1.16878,1910000,1440000
2022-03-11 14:55:40.393000,1.16882,1.16878,1350000,1440000
2022-03-11 14:55:40.533000,1.16883,1.16879,2920000,1200000
2022-03-11 14:55:44.101000,1.16882,1.16879,1100000,1200000
2022-03-11 14:55:45.060000,1.16883,1.16879,2360000,1200000
2022-03-11 14:55:47.632000,1.16882,1.16879,1720000,1200000
2022-03-11 14:55:48.263000,1.16882,1.16879,1350000,1200000
2022-03-11 14:55:48.575000,1.16882,1.16878,1350000,1440000
2022-03-11 14:55:48.879000,1.16882,1.16879,1350000,1200000
2022-03-11 14:55:52.645000,1.16883,1.1688,2920000,1200000
2022-03-11 14:55:53.379000,1.16884,1.16878,2470000,1440000
2022-03-11 14:55:55.249000,1.16881,1.16879,1350000,1200000
2022-03-11 14:55:55.371000,1.16878,1.16874,4590000,2250000
2022-03-11 14:55:55.423000,1.16877,1.16874,2550000,1800000
2022-03-11 14:55:57.635000,1.16878,1.16874,3300000,2250000
2022-03-11 14:55:57.687000,1.16885,1.16882,1200000,1700000
2022-03-11 14:55:57.738000,1.16885,1.16881,2110000,1800000
2022-03-11 14:55:57.789000,1.16884,1.1688,1400000,1320000
2022-03-11 14:55:58.405000,1.16883,1.16879,1120000,1440000
2022-03-11 14:55:59.026000,1.16881,1.16878,1200000,1440000
2022-03-11 14:55:59.231000,1.16882,1.16879,2560000,1200000
2022-03-11 14:56:00.083000,1.16882,1.16878,2110000,1200000
2022-03-11 14:56:01.829000,1.16882,1.16879,1660000,1200000
2022-03-11 14:56:08.482000,1.16882,1.16878,1800000,1890000
2022-03-11 14:56:09.285000,1.16881,1.16878,1200000,1200000
2022-03-11 14:56:09.916000,1.16882,1.16878,2340000,1200000
2022-03-11 14:56:11.377000,1.16878,1.16875,1800000,1720000
2022-03-11 14:56:11.479000,1.16878,1.16875,1890000,1200000
2022-03-11 14:56:11.683000,1.16876,1.16873,1350000,1200000
2022-03-11 14:56:11.785000,1.16876,1.16874,1350000,1200000
2022-03-11 14:56:12.387000,1.16879,1.16876,2920000,1200000
2022-03-11 14:56:12.490000,1.16878,1.16875,1200000,1800000
2022-03-11 14:56:12.744000,1.16879,1.16876,2850000,1200000
2022-03-11 14:56:12.846000,1.1688,1.16876,3240000,1200000
2022-03-11 14:56:13.424000,1.16879,1.16876,1200000,1200000
2022-03-11 14:56:21.722000,1.1688,1.16877,2590000,1200000
2022-03-11 14:56:24.268000,1.1688,1.16877,2790000,1200000
2022-03-11 14:56:24.392000,1.1688,1.16877,2590000,1200000
2022-03-11 14:56:25.413000,1.1688,1.16877,1890000,1200000
2022-03-11 14:56:25.736000,1.16881,1.16878,1890000,1200000
2022-03-11 14:56:25.838000,1.16881,1.16879,1700000,1200000
2022-03-11 14:56:26.074000,1.16881,1.16878,1700000,1200000
2022-03-11 14:56:26.483000,1.16881,1.16879,1700000,1200000
2022-03-11 14:56:26.585000,1.16881,1.16879,1320000,1200000
2022-03-11 14:56:31.021000,1.16882,1.16879,1660000,1200000
2022-03-11 14:56:31.591000,1.16882,1.1688,1320000,1120000
2022-03-11 14:56:31.744000,1.16881,1.16878,1440000,1720000
2022-03-11 14:56:31.846000,1.16882,1.16878,2030000,1200000
2022-03-11 14:56:31.976000,1.16882,1.16879,1840000,1200000
2022-03-11 14:56:32.229000,1.16883,1.16877,1890000,1800000
2022-03-11 14:56:32.749000,1.16882,1.16879,2170000,1200000
2022-03-11 14:56:34.779000,1.16882,1.16879,3240000,1200000
2022-03-11 14:56:36.784000,1.16882,1.16879,2920000,1200000
2022-03-11 14:56:37.929000,1.16882,1.1688,1200000,1200000
2022-03-11 14:56:38.031000,1.16883,1.16878,2340000,1350000
2022-03-11 14:56:42.363000,1.16882,1.16878,2790000,2790000
2022-03-11 14:56:42.465000,1.16882,1.16878,4050000,2340000
2022-03-11 14:56:45.421000,1.16882,1.16878,1890000,3690000
2022-03-11 14:56:47.115000,1.16882,1.16879,1890000,1200000
2022-03-11 14:56:47.421000,1.16882,1.16879,1800000,1200000
2022-03-11 14:56:48.236000,1.16882,1.16879,1320000,1800000
2022-03-11 14:56:48.338000,1.16886,1.16884,1200000,1200000
2022-03-11 14:56:48.441000,1.16887,1.16884,1200000,3240000
2022-03-11 14:56:48.543000,1.16884,1.16882,1440000,1720000
2022-03-11 14:56:48.645000,1.16884,1.1688,1240000,1200000
2022-03-11 14:56:49.519000,1.16883,1.16879,1320000,4590000
2022-03-11 14:56:49.803000,1.16883,1.1688,1320000,1200000
2022-03-11 14:56:51.175000,1.16884,1.16882,1100000,1440000
2022-03-11 14:56:51.226000,1.16887,1.16882,2560000,1200000
2022-03-11 14:56:51.328000,1.16886,1.16882,3910000,1800000
2022-03-11 14:56:51.633000,1.16884,1.16882,1320000,1200000
2022-03-11 14:56:52.193000,1.16885,1.16882,2790000,1800000
2022-03-11 14:56:52.295000,1.16884,1.16882,1200000,1200000
2022-03-11 14:56:52.346000,1.16886,1.16883,1200000,2790000
2022-03-11 14:56:52.448000,1.16885,1.16883,1440000,1200000
2022-03-11 14:56:52.551000,1.16883,1.16881,1320000,1200000
2022-03-11 14:56:52.653000,1.16884,1.16881,1440000,1200000
2022-03-11 14:56:52.755000,1.16885,1.16879,1440000,4140000
2022-03-11 14:56:52.908000,1.16886,1.1688,3120000,1200000
2022-03-11 14:56:53.989000,1.16884,1.1688,1700000,3240000
2022-03-11 14:56:56.128000,1.16883,1.1688,4360000,1200000
2022-03-11 14:56:56.230000,1.16882,1.16879,1660000,2700000
2022-03-11 14:56:56.714000,1.16885,1.16881,1720000,1660000
2022-03-11 14:56:57.020000,1.16885,1.16882,1200000,1440000
2022-03-11 14:56:57.122000,1.16885,1.16881,1800000,2340000
2022-03-11 14:56:57.512000,1.16885,1.16882,1800000,1200000
2022-03-11 14:56:59.534000,1.16884,1.16882,1200000,1200000
2022-03-11 14:56:59.738000,1.16883,1.1688,1200000,2550000
2022-03-11 14:57:01.616000,1.16884,1.1688,2340000,2550000
2022-03-11 14:57:06.621000,1.16884,1.1688,1720000,3750000
2022-03-11 14:57:09.631000,1.16884,1.16881,1350000,1200000
2022-03-11 14:57:10.152000,1.16885,1.16882,2250000,1200000
2022-03-11 14:57:10.305000,1.16885,1.16881,1440000,3690000
2022-03-11 14:57:10.408000,1.16884,1.16881,1200000,2790000
2022-03-11 14:57:10.509000,1.16885,1.16881,1890000,2790000
2022-03-11 14:57:10.611000,1.16884,1.16881,1200000,2790000
2022-03-11 14:57:10.917000,1.16887,1.16884,7020000,1200000
2022-03-11 14:57:11.019000,1.16886,1.16883,2560000,1800000
2022-03-11 14:57:11.070000,1.16886,1.1688,1890000,3240000
2022-03-11 14:57:11.172000,1.16885,1.16882,1800000,1440000
2022-03-11 14:57:11.274000,1.16885,1.16881,1890000,3240000
2022-03-11 14:57:11.402000,1.16885,1.16882,1890000,1200000
2022-03-11 14:57:11.711000,1.16886,1.16881,2170000,1200000
2022-03-11 14:57:14.651000,1.16885,1.16881,1720000,1200000
2022-03-11 14:57:17.394000,1.16883,1.16881,1200000,1120000
2022-03-11 14:57:17.800000,1.16883,1.1688,1800000,3910000
2022-03-11 14:57:18.213000,1.16882,1.1688,1200000,2700000
2022-03-11 14:57:19.177000,1.16881,1.16878,1350000,10440000
2022-03-11 14:57:19.279000,1.1688,1.16878,1800000,1200000
2022-03-11 14:57:19.636000,1.16878,1.16876,1200000,1200000
2022-03-11 14:57:20.696000,1.16879,1.16876,1200000,2560000
2022-03-11 14:57:21.159000,1.16879,1.16877,1200000,1440000
2022-03-11 14:57:21.904000,1.16872,1.16869,1200000,1800000
2022-03-11 14:57:22.006000,1.16872,1.1687,1100000,1200000
2022-03-11 14:57:22.108000,1.16873,1.1687,1800000,1350000
2022-03-11 14:57:22.211000,1.16874,1.1687,2250000,2110000
2022-03-11 14:57:22.313000,1.16874,1.1687,1800000,1840000
2022-03-11 14:57:22.420000,1.16874,1.1687,1800000,1890000
2022-03-11 14:57:22.683000,1.16869,1.16867,1200000,3300000
2022-03-11 14:57:22.785000,1.16869,1.16866,1200000,2560000
2022-03-11 14:57:28.518000,1.16871,1.16868,1350000,1200000
2022-03-11 14:57:30.070000,1.16871,1.16868,1200000,2970000
2022-03-11 14:57:33.544000,1.16871,1.16868,1200000,1350000
2022-03-11 14:57:34.781000,1.16872,1.16869,1350000,2220000
2022-03-11 14:57:34.934000,1.16872,1.16868,1350000,4090000
2022-03-11 14:57:38.172000,1.16871,1.16867,1350000,4660000
2022-03-11 14:57:39.170000,1.16871,1.16868,1200000,3340000
2022-03-11 14:57:44.950000,1.16871,1.16868,1350000,1440000
2022-03-11 14:57:45.330000,1.1687,1.16867,1200000,3720000
2022-03-11 14:57:45.432000,1.1687,1.16867,1800000,2340000
2022-03-11 14:57:45.890000,1.16871,1.16869,1200000,1440000
2022-03-11 14:57:45.992000,1.16873,1.16869,3490000,2020000
2022-03-11 14:57:46.094000,1.16873,1.16869,3020000,2020000
2022-03-11 14:57:46.196000,1.16873,1.1687,2930000,2220000
2022-03-11 14:57:46.298000,1.16872,1.16869,1200000,2710000
2022-03-11 14:57:46.760000,1.16873,1.16869,1800000,1840000
2022-03-11 14:57:46.863000,1.16874,1.16871,1200000,2220000
2022-03-11 14:57:49.060000,1.16874,1.16871,1200000,2340000
2022-03-11 14:57:49.162000,1.16874,1.16871,1200000,3720000
2022-03-11 14:57:57.017000,1.16875,1.16871,1350000,4090000
2022-03-11 14:57:57.119000,1.16875,1.16872,1200000,2970000
2022-03-11 14:57:59.625000,1.16879,1.16877,1100000,1440000
2022-03-11 14:57:59.676000,1.16881,1.16878,2250000,1440000
2022-03-11 14:58:00.032000,1.16882,1.16878,1350000,3720000
2022-03-11 14:58:00.286000,1.16882,1.1688,1350000,1200000
2022-03-11 14:58:00.338000,1.16884,1.1688,1320000,2920000
2022-03-11 14:58:00.440000,1.16883,1.1688,1200000,1440000
2022-03-11 14:58:00.694000,1.16884,1.1688,1440000,2340000
2022-03-11 14:58:01.101000,1.16883,1.16879,2250000,2970000
2022-03-11 14:58:01.255000,1.16882,1.16879,2470000,1440000
2022-03-11 14:58:01.907000,1.16879,1.16878,1200000,1200000
2022-03-11 14:58:02.009000,1.16881,1.16878,2920000,2340000
2022-03-11 14:58:02.111000,1.16881,1.16878,1120000,3720000
2022-03-11 14:58:05.970000,1.16882,1.16879,1200000,1660000
2022-03-11 14:58:06.072000,1.16884,1.1688,3860000,1440000
2022-03-11 14:58:06.174000,1.16884,1.1688,3460000,2340000
2022-03-11 14:58:07.091000,1.16884,1.16881,2020000,1320000
2022-03-11 14:58:07.687000,1.16884,1.16882,1570000,1200000
2022-03-11 14:58:07.789000,1.16884,1.16881,2470000,1800000
2022-03-11 14:58:07.897000,1.16884,1.16882,1570000,1200000
2022-03-11 14:58:08.104000,1.16884,1.16881,1570000,1440000
2022-03-11 14:58:14.268000,1.16885,1.1688,3410000,2340000
2022-03-11 14:58:15.343000,1.16884,1.16881,3370000,1440000
2022-03-11 14:58:15.554000,1.16884,1.16881,3410000,1440000
2022-03-11 14:58:20.915000,1.16884,1.16882,1100000,1200000
2022-03-11 14:58:21.119000,1.16886,1.16883,1720000,1440000
2022-03-11 14:58:21.221000,1.16885,1.16882,1570000,1440000
2022-03-11 14:58:21.374000,1.16884,1.16881,1350000,3240000
2022-03-11 14:58:22.450000,1.16885,1.16882,1350000,1840000
2022-03-11 14:58:22.552000,1.16887,1.16884,1200000,1440000
2022-03-11 14:58:22.655000,1.16885,1.16882,1200000,1840000
2022-03-11 14:58:22.757000,1.16886,1.16883,1890000,1200000
2022-03-11 14:58:22.808000,1.16885,1.16881,2340000,1200000
2022-03-11 14:58:22.911000,1.16883,1.1688,1200000,1800000
2022-03-11 14:58:24.169000,1.16883,1.16881,1200000,1200000
2022-03-11 14:58:24.822000,1.16883,1.1688,1200000,2340000
2022-03-11 14:58:25.136000,1.16883,1.16881,1200000,1200000
2022-03-11 14:58:25.743000,1.16883,1.1688,1200000,2340000
2022-03-11 14:58:25.795000,1.16878,1.16876,3010000,1100000
2022-03-11 14:58:25.846000,1.16875,1.16873,1660000,1200000
2022-03-11 14:58:25.898000,1.16872,1.16869,1350000,1440000
2022-03-11 14:58:25.949000,1.1687,1.16867,1890000,1350000
2022-03-11 14:58:26.076000,1.1687,1.16867,2470000,1440000
2022-03-11 14:58:26.178000,1.16872,1.1687,1100000,1200000
2022-03-11 14:58:26.281000,1.16874,1.16869,1440000,1200000
2022-03-11 14:58:26.854000,1.16874,1.16871,1800000,1200000
2022-03-11 14:58:26.956000,1.16874,1.16871,1350000,1440000
2022-03-11 14:58:28.349000,1.16874,1.16872,1200000,1020000
2022-03-11 14:58:28.400000,1.16878,1.16874,2910000,1440000
2022-03-11 14:58:28.959000,1.16877,1.16873,1320000,2340000
2022-03-11 14:58:29.061000,1.16877,1.16874,1320000,1200000
2022-03-11 14:58:29.171000,1.16877,1.16873,1320000,2340000
2022-03-11 14:58:29.273000,1.16877,1.16874,1320000,1200000
2022-03-11 14:58:30.986000,1.16878,1.16875,1350000,1440000
2022-03-11 14:58:31.987000,1.16879,1.16875,2340000,1440000
2022-03-11 14:58:32.257000,1.16879,1.16876,2340000,1200000
2022-03-11 14:58:33.476000,1.16879,1.16875,1200000,1440000
2022-03-11 14:58:33.579000,1.16878,1.16875,4050000,1200000
2022-03-11 14:58:34.388000,1.16878,1.16875,1350000,1440000
2022-03-11 14:58:34.541000,1.16878,1.16874,3240000,2340000
2022-03-11 14:58:34.643000,1.16878,1.16875,2340000,1800000
2022-03-11 14:58:34.796000,1.16878,1.16875,1800000,1800000
2022-03-11 14:58:35.659000,1.16879,1.16874,1200000,1840000
2022-03-11 14:58:35.711000,1.16882,1.16878,1440000,1200000
2022-03-11 14:58:35.762000,1.16883,1.1688,3150000,1200000
2022-03-11 14:58:35.915000,1.16883,1.16879,1200000,1440000
2022-03-11 14:58:36.068000,1.16883,1.1688,1200000,1200000
2022-03-11 14:58:36.221000,1.16883,1.16881,1200000,1200000
2022-03-11 14:58:36.323000,1.16884,1.16881,1440000,1200000
2022-03-11 14:58:37.351000,1.16884,1.1688,1890000,1200000
2022-03-11 14:58:40.298000,1.16884,1.16881,1890000,1200000
2022-03-11 14:58:41.212000,1.16887,1.16884,1200000,1440000
2022-03-11 14:58:41.263000,1.16889,1.16885,1200000,1440000
2022-03-11 14:58:41.365000,1.16887,1.16884,2790000,1200000
2022-03-11 14:58:41.467000,1.16886,1.16882,3300000,1440000
2022-03-11 14:58:41.756000,1.16886,1.16884,1660000,1200000
2022-03-11 14:58:41.817000,1.16886,1.16882,3300000,1440000
2022-03-11 14:58:41.869000,1.16887,1.16884,4370000,1200000
2022-03-11 14:58:41.972000,1.16886,1.16881,1200000,1440000
2022-03-11 14:58:42.922000,1.16888,1.16883,9280000,1200000
2022-03-11 14:58:43.025000,1.16885,1.16882,4590000,1200000
2022-03-11 14:58:43.962000,1.16885,1.16882,4420000,1800000
2022-03-11 14:58:44.159000,1.16885,1.16882,1350000,1720000
2022-03-11 14:58:44.261000,1.16885,1.16882,3150000,2340000
2022-03-11 14:58:44.363000,1.16885,1.16883,1800000,1440000
2022-03-11 14:58:44.465000,1.16885,1.16882,3240000,1800000
2022-03-11 14:58:46.165000,1.16886,1.16883,3860000,1200000
2022-03-11 14:58:46.318000,1.16886,1.16883,3150000,1440000
2022-03-11 14:58:46.420000,1.16886,1.16882,4610000,1440000
2022-03-11 14:58:46.925000,1.16886,1.16882,3970000,2970000
2022-03-11 14:58:47.027000,1.16886,1.16882,4610000,1440000
2022-03-11 14:58:48.013000,1.16885,1.16882,5740000,1200000
2022-03-11 14:58:48.115000,1.16885,1.16882,2250000,1440000
2022-03-11 14:58:48.217000,1.16886,1.16882,3370000,2970000
2022-03-11 14:58:48.319000,1.16885,1.16882,4420000,1200000
2022-03-11 14:58:49.871000,1.16886,1.16881,1800000,1440000
2022-03-11 14:58:51.254000,1.16885,1.16882,3300000,1200000
2022-03-11 14:58:51.356000,1.16887,1.16885,1200000,1440000
2022-03-11 14:58:51.459000,1.16885,1.16882,1350000,2340000
2022-03-11 14:58:56.647000,1.16885,1.16884,1200000,1440000
2022-03-11 14:58:56.698000,1.16887,1.16884,2250000,1440000
2022-03-11 14:58:56.749000,1.16885,1.16883,1350000,1890000
2022-03-11 14:58:56.852000,1.16885,1.16882,1350000,2340000
2022-03-11 14:58:57.831000,1.16885,1.16882,2100000,2340000
2022-03-11 14:58:59.845000,1.16885,1.16882,1350000,2340000
2022-03-11 14:58:59.974000,1.16885,1.16882,1350000,2220000
2022-03-11 14:59:00.076000,1.16887,1.16884,1720000,1440000
2022-03-11 14:59:00.178000,1.16887,1.16884,1350000,1440000
2022-03-11 14:59:00.281000,1.16891,1.16888,2850000,1440000
2022-03-11 14:59:00.383000,1.16892,1.16891,1200000,2310000
2022-03-11 14:59:00.434000,1.16895,1.1689,1200000,2340000
2022-03-11 14:59:00.536000,1.16895,1.16892,1200000,1440000
2022-03-11 14:59:00.995000,1.16896,1.16893,1200000,1800000
2022-03-11 14:59:01.942000,1.16898,1.16895,1720000,2560000
2022-03-11 14:59:02.044000,1.169,1.16897,3680000,1200000
2022-03-11 14:59:02.558000,1.169,1.16897,1440000,1800000
2022-03-11 14:59:02.988000,1.16901,1.16898,3600000,1200000
2022-03-11 14:59:03.090000,1.16902,1.169,1200000,2340000
2022-03-11 14:59:03.142000,1.16904,1.16901,1320000,1200000
2022-03-11 14:59:06.306000,1.16898,1.16896,1440000,1200000
2022-03-11 14:59:06.408000,1.16899,1.16894,3910000,1200000
2022-03-11 14:59:07.047000,1.16899,1.16896,2790000,1800000
2022-03-11 14:59:07.099000,1.16898,1.16896,1240000,1200000
2022-03-11 14:59:07.201000,1.16898,1.16895,1990000,1800000
2022-03-11 14:59:07.933000,1.16899,1.16894,1200000,2920000
2022-03-11 14:59:08.137000,1.16899,1.16896,1200000,1800000
2022-03-11 14:59:14.194000,1.16901,1.16898,3240000,1200000
2022-03-11 14:59:14.296000,1.16901,1.169,1200000,1200000
2022-03-11 14:59:17.601000,1.16901,1.16899,1200000,1440000
2022-03-11 14:59:18.578000,1.16899,1.16897,3000000,1200000
2022-03-11 14:59:18.630000,1.16898,1.16896,2020000,1800000
2022-03-11 14:59:18.986000,1.16899,1.16896,4140000,1200000
2022-03-11 14:59:19.088000,1.16899,1.16896,3300000,1200000
2022-03-11 14:59:19.190000,1.16899,1.16896,2790000,1200000
2022-03-11 14:59:19.292000,1.16899,1.16895,1440000,1200000
2022-03-11 14:59:20.657000,1.16899,1.16896,1800000,1890000
2022-03-11 14:59:20.760000,1.16898,1.16896,1440000,1800000
2022-03-11 14:59:21.199000,1.16899,1.16896,1350000,1800000
2022-03-11 14:59:21.352000,1.16899,1.16897,1200000,1210000
2022-03-11 14:59:21.403000,1.16905,1.16902,1200000,1440000
2022-03-11 14:59:21.454000,1.16908,1.16905,1200000,1200000
2022-03-11 14:59:24.033000,1.16909,1.16906,1890000,1200000
2022-03-11 14:59:24.409000,1.1691,1.16907,2340000,1200000
2022-03-11 14:59:24.511000,1.16911,1.16908,2370000,1200000
2022-03-11 14:59:24.613000,1.16913,1.1691,1440000,1200000
2022-03-11 14:59:24.868000,1.16915,1.16912,1200000,1200000
2022-03-11 14:59:26.271000,1.16916,1.16913,1200000,1200000
2022-03-11 14:59:26.744000,1.16917,1.16914,1200000,1200000
2022-03-11 14:59:26.847000,1.16919,1.16916,1800000,1200000
2022-03-11 14:59:26.949000,1.16917,1.16914,1200000,1720000
2022-03-11 14:59:27.051000,1.16917,1.16914,1200000,1200000
2022-03-11 14:59:27.154000,1.16916,1.16913,1200000,1200000
2022-03-11 14:59:27.256000,1.16916,1.16912,1200000,1200000
2022-03-11 14:59:27.307000,1.1691,1.16907,5040000,1200000
2022-03-11 14:59:27.664000,1.16909,1.16907,1890000,1200000
2022-03-11 14:59:27.715000,1.16908,1.16904,1840000,1200000
2022-03-11 14:59:27.818000,1.16909,1.16905,3690000,1440000
2022-03-11 14:59:27.920000,1.16909,1.16906,1440000,1200000
2022-03-11 14:59:28.852000,1.1691,1.16906,3600000,1200000
2022-03-11 14:59:28.954000,1.1691,1.16908,3600000,1350000
2022-03-11 14:59:29.056000,1.16911,1.16909,3600000,1200000
2022-03-11 14:59:29.724000,1.16913,1.1691,1320000,1200000
2022-03-11 14:59:29.826000,1.16911,1.16909,3600000,1350000
2022-03-11 14:59:29.877000,1.16913,1.16909,1200000,1200000
2022-03-11 14:59:29.980000,1.16911,1.16909,3600000,1350000
2022-03-11 14:59:30.082000,1.16914,1.16911,1200000,2790000
2022-03-11 14:59:30.133000,1.16917,1.16913,2340000,2110000
2022-03-11 14:59:30.236000,1.1692,1.16915,2250000,1890000
2022-03-11 14:59:30.338000,1.16918,1.16914,1440000,3300000
2022-03-11 14:59:30.440000,1.16917,1.16914,1200000,1800000
2022-03-11 14:59:30.542000,1.16917,1.16914,1200000,1320000
2022-03-11 14:59:30.989000,1.16917,1.16915,1200000,1200000
2022-03-11 14:59:31.142000,1.16919,1.16916,2790000,1350000
2022-03-11 14:59:31.244000,1.16917,1.16914,1440000,1200000
2022-03-11 14:59:31.296000,1.16913,1.16911,1200000,1100000
2022-03-11 14:59:31.347000,1.16913,1.1691,1200000,1800000
2022-03-11 14:59:31.449000,1.1691,1.16908,1200000,1120000
2022-03-11 14:59:31.856000,1.16912,1.1691,1350000,1800000
2022-03-11 14:59:31.977000,1.16915,1.16912,1240000,1200000
2022-03-11 14:59:32.079000,1.16909,1.16906,1200000,2250000
2022-03-11 14:59:32.182000,1.16913,1.1691,2470000,1800000
2022-03-11 14:59:32.233000,1.16915,1.16912,1440000,1800000
2022-03-11 14:59:33.692000,1.16916,1.16913,1200000,1800000
2022-03-11 14:59:36.106000,1.16916,1.16914,1200000,1200000
2022-03-11 14:59:36.360000,1.16916,1.16913,1200000,1800000
2022-03-11 14:59:36.634000,1.16917,1.16913,1440000,2700000
2022-03-11 14:59:36.686000,1.16918,1.16915,1440000,1200000
2022-03-11 14:59:36.788000,1.16917,1.16915,1200000,1200000
2022-03-11 14:59:36.992000,1.16915,1.16913,1200000,1600000
2022-03-11 14:59:37.094000,1.16916,1.16913,2790000,1200000
2022-03-11 14:59:37.953000,1.16914,1.16911,1440000,1200000
2022-03-11 14:59:38.055000,1.1691,1.16907,1200000,2340000
2022-03-11 14:59:38.157000,1.1691,1.16905,1200000,1440000
2022-03-11 14:59:38.259000,1.1691,1.16907,1320000,1200000
2022-03-11 14:59:39.447000,1.1691,1.16906,1320000,1440000
2022-03-11 14:59:41.065000,1.1691,1.16906,1200000,1720000
2022-03-11 14:59:42.928000,1.16912,1.16906,1320000,3690000
2022-03-11 14:59:43.030000,1.1691,1.16907,1200000,2340000
2022-03-11 14:59:43.182000,1.1691,1.16907,1200000,2970000
2022-03-11 14:59:43.705000,1.16911,1.16908,1200000,2340000
2022-03-11 14:59:43.807000,1.16912,1.16909,1200000,1440000
2022-03-11 14:59:47.580000,1.16913,1.1691,1200000,2340000
2022-03-11 14:59:47.682000,1.16916,1.16913,1440000,1200000
2022-03-11 14:59:48.610000,1.16915,1.16912,1440000,1200000
2022-03-11 14:59:49.109000,1.16913,1.16909,1200000,1240000
2022-03-11 14:59:50.860000,1.16915,1.16908,1320000,2650000
2022-03-11 14:59:51.114000,1.16914,1.16908,1320000,1410000
2022-03-11 14:59:51.216000,1.16914,1.16907,1320000,1890000
2022-03-11 14:59:51.318000,1.16914,1.16908,1320000,1200000
2022-03-11 14:59:51.425000,1.16914,1.16906,1320000,1900000
2022-03-11 14:59:51.476000,1.16912,1.16905,1320000,1410000
2022-03-11 14:59:51.629000,1.16912,1.16904,1220000,4520000
2022-03-11 14:59:53.008000,1.16912,1.16904,1220000,1770000
2022-03-11 14:59:53.110000,1.16909,1.16903,1100000,2030000
2022-03-11 14:59:53.162000,1.16907,1.169,1220000,1500000
2022-03-11 14:59:56.104000,1.16907,1.16898,3340000,1500000
2022-03-11 15:00:00.127000,1.16905,1.16897,1120000,1320000
2022-03-11 15:00:00.280000,1.16902,1.16895,1840000,2400000
2022-03-11 15:00:00.331000,1.169,1.16892,1220000,2080000
2022-03-11 15:00:00.383000,1.16897,1.16891,1620000,1410000
2022-03-11 15:00:00.536000,1.16898,1.1689,1220000,1500000
2022-03-11 15:00:00.891000,1.16898,1.16889,1120000,2350000
2022-03-11 15:00:01.012000,1.16898,1.16889,1320000,2350000
2022-03-11 15:00:01.114000,1.16901,1.16892,2590000,2400000
2022-03-11 15:00:01.216000,1.169,1.16892,1720000,2270000
2022-03-11 15:00:01.369000,1.16901,1.16893,5540000,1320000
2022-03-11 15:00:02.030000,1.16904,1.16899,1240000,1440000
2022-03-11 15:00:02.133000,1.16906,1.16899,1240000,2340000
2022-03-11 15:00:03.802000,1.16906,1.16899,1440000,1240000
2022-03-11 15:00:03.955000,1.16905,1.169,3340000,1320000
2022-03-11 15:00:05.414000,1.16905,1.16903,1350000,1320000
2022-03-11 15:00:05.465000,1.16905,1.16901,1440000,1440000
2022-03-11 15:00:05.720000,1.16907,1.16902,1620000,1200000
2022-03-11 15:00:06.758000,1.16907,1.16901,2120000,2340000
2022-03-11 15:00:06.928000,1.16907,1.16902,2120000,1200000
2022-03-11 15:00:07.089000,1.16908,1.16903,1320000,1700000
2022-03-11 15:00:07.141000,1.16911,1.16905,4530000,2790000
2022-03-11 15:00:07.244000,1.16917,1.1691,2220000,1800000
2022-03-11 15:00:07.295000,1.16918,1.16913,1720000,1890000
2022-03-11 15:00:07.448000,1.16918,1.16913,1440000,1620000
2022-03-11 15:00:07.550000,1.16919,1.16914,2590000,1800000
2022-03-11 15:00:07.602000,1.1692,1.16914,1890000,1800000
2022-03-11 15:00:07.704000,1.1692,1.16915,1720000,1350000
2022-03-11 15:00:07.806000,1.16919,1.16915,1890000,1440000
2022-03-11 15:00:07.959000,1.1692,1.16915,1440000,3870000
2022-03-11 15:00:08.062000,1.16919,1.16915,1890000,1440000
2022-03-11 15:00:08.214000,1.16921,1.16914,1720000,1350000
2022-03-11 15:00:08.317000,1.1692,1.16913,1890000,3340000
2022-03-11 15:00:08.419000,1.16919,1.16914,2590000,2920000
2022-03-11 15:00:08.521000,1.16921,1.16914,1440000,2370000
2022-03-11 15:00:08.623000,1.16919,1.16914,2790000,3340000
2022-03-11 15:00:08.725000,1.16919,1.16914,1840000,2170000
2022-03-11 15:00:08.777000,1.1692,1.16917,1200000,1800000
2022-03-11 15:00:08.879000,1.1692,1.16915,1440000,2970000
2022-03-11 15:00:09.234000,1.16923,1.16918,3340000,1800000
2022-03-11 15:00:09.336000,1.16922,1.16917,3340000,1350000
2022-03-11 15:00:09.692000,1.16922,1.16918,1720000,1200000
2022-03-11 15:00:09.794000,1.16923,1.16918,3340000,1890000
2022-03-11 15:00:09.897000,1.16924,1.16916,1840000,1890000
2022-03-11 15:00:10.253000,1.16922,1.16918,2220000,1200000
2022-03-11 15:00:10.355000,1.16923,1.16916,1320000,3340000
2022-03-11 15:00:10.457000,1.16925,1.16917,1220000,1350000
2022-03-11 15:00:10.559000,1.16923,1.16917,1320000,1890000
2022-03-11 15:00:11.028000,1.16921,1.16918,1200000,1200000
2022-03-11 15:00:12.030000,1.16922,1.16918,1320000,1200000
2022-03-11 15:00:12.417000,1.16921,1.16918,1200000,1200000
2022-03-11 15:00:12.850000,1.16923,1.16917,1320000,1200000
2022-03-11 15:00:13.828000,1.16921,1.16918,1200000,1200000
2022-03-11 15:00:13.980000,1.16921,1.16917,1200000,1440000
2022-03-11 15:00:14.291000,1.16921,1.16918,1200000,1200000
2022-03-11 15:00:16.311000,1.16922,1.16918,2790000,1200000
2022-03-11 15:00:16.413000,1.16921,1.16918,1200000,1200000
2022-03-11 15:00:20.040000,1.16918,1.16915,1320000,2470000
2022-03-11 15:00:20.093000,1.16917,1.16914,1200000,1350000
2022-03-11 15:00:20.981000,1.16916,1.16912,1440000,1200000
2022-03-11 15:00:21.083000,1.16915,1.16912,1200000,1200000
2022-03-11 15:00:21.185000,1.16914,1.16911,1200000,1200000
2022-03-11 15:00:21.761000,1.16911,1.16907,1440000,1320000
2022-03-11 15:00:21.863000,1.1691,1.16906,1200000,1990000
2022-03-11 15:00:22.343000,1.16909,1.16906,1200000,1200000
2022-03-11 15:00:22.449000,1.1691,1.16907,1440000,1200000
2022-03-11 15:00:23.714000,1.16909,1.16906,1200000,1200000
2022-03-11 15:00:24.569000,1.16909,1.16903,1720000,1200000
2022-03-11 15:00:25.620000,1.16909,1.16906,1440000,1200000
2022-03-11 15:00:26.334000,1.16908,1.16904,1890000,1350000
2022-03-11 15:00:30.294000,1.16909,1.16906,2550000,1200000
2022-03-11 15:00:30.396000,1.16909,1.16906,1200000,1200000
2022-03-11 15:00:31.217000,1.16909,1.16905,1350000,1440000
2022-03-11 15:00:32.856000,1.1691,1.16906,1890000,1200000
2022-03-11 15:00:33.165000,1.1691,1.16907,1350000,1200000
2022-03-11 15:00:33.267000,1.1691,1.16906,1350000,1660000
2022-03-11 15:00:33.870000,1.1691,1.16906,1350000,2250000
2022-03-11 15:00:33.972000,1.16912,1.16909,1350000,2110000
2022-03-11 15:00:34.074000,1.16913,1.16909,1200000,2110000
2022-03-11 15:00:34.228000,1.16912,1.16909,1700000,1200000
2022-03-11 15:00:34.330000,1.16913,1.16907,1890000,2470000
2022-03-11 15:00:34.433000,1.16913,1.16909,1320000,1200000
2022-03-11 15:00:35.512000,1.16911,1.16908,1200000,1660000
2022-03-11 15:00:35.614000,1.16913,1.16907,2340000,2560000
2022-03-11 15:00:35.716000,1.16912,1.16906,1320000,2770000
2022-03-11 15:00:35.970000,1.16912,1.16909,1240000,1120000
2022-03-11 15:00:36.073000,1.16914,1.16912,2930000,1350000
2022-03-11 15:00:36.804000,1.16915,1.16912,2340000,1200000
2022-03-11 15:00:37.160000,1.16916,1.16913,1350000,1660000
2022-03-11 15:00:37.262000,1.16917,1.16914,1800000,1890000
2022-03-11 15:00:37.719000,1.16919,1.16915,2100000,1440000
2022-03-11 15:00:37.974000,1.16918,1.16914,1800000,1890000
2022-03-11 15:00:38.127000,1.16918,1.16914,2170000,1200000
2022-03-11 15:00:38.280000,1.16918,1.16915,1200000,1200000
2022-03-11 15:00:38.534000,1.16918,1.16916,1200000,1200000
2022-03-11 15:00:38.637000,1.1692,1.16916,1890000,3240000
2022-03-11 15:00:38.688000,1.16923,1.16919,1880000,2110000
2022-03-11 15:00:38.739000,1.16923,1.16919,2340000,1440000
2022-03-11 15:00:38.790000,1.16921,1.16917,1350000,2920000
2022-03-11 15:00:38.892000,1.1692,1.16916,1200000,3860000
2022-03-11 15:00:39.110000,1.16921,1.16917,1350000,3910000
2022-03-11 15:00:39.213000,1.16923,1.16921,1200000,3910000
2022-03-11 15:00:39.264000,1.16926,1.16921,1350000,1200000
2022-03-11 15:00:39.366000,1.16924,1.16922,1320000,1200000
2022-03-11 15:00:39.519000,1.16924,1.16921,1440000,2470000
2022-03-11 15:00:39.571000,1.16922,1.16918,2790000,1720000
2022-03-11 15:00:39.673000,1.16917,1.16913,1320000,1910000
2022-03-11 15:00:39.775000,1.16914,1.16911,1350000,2020000
2022-03-11 15:00:42.969000,1.16916,1.1691,1440000,2560000
2022-03-11 15:00:45.762000,1.16913,1.16911,1440000,1120000
2022-03-11 15:00:45.864000,1.16913,1.1691,3240000,1200000
2022-03-11 15:00:45.966000,1.16913,1.1691,3340000,1200000
2022-03-11 15:00:46.234000,1.16913,1.16909,2970000,1120000
2022-03-11 15:00:47.049000,1.16913,1.16909,4140000,1120000
2022-03-11 15:00:47.152000,1.16914,1.1691,1720000,1200000
2022-03-11 15:00:47.305000,1.16913,1.16909,1440000,1120000
2022-03-11 15:00:47.458000,1.16913,1.16909,3720000,1120000
2022-03-11 15:00:47.560000,1.16913,1.1691,1890000,1200000
2022-03-11 15:00:47.713000,1.16913,1.16909,1440000,1120000
2022-03-11 15:00:47.815000,1.16913,1.16909,2590000,1120000
2022-03-11 15:00:47.942000,1.16913,1.16909,2340000,1120000
2022-03-11 15:00:48.048000,1.16913,1.1691,1440000,1200000
2022-03-11 15:00:48.150000,1.16913,1.16909,1440000,1120000
2022-03-11 15:00:48.354000,1.16912,1.16909,1440000,1120000
2022-03-11 15:00:49.117000,1.16913,1.1691,3240000,1200000
2022-03-11 15:00:49.422000,1.16914,1.16909,3720000,1200000
2022-03-11 15:00:49.959000,1.16912,1.16909,1440000,1120000
2022-03-11 15:00:50.169000,1.16913,1.1691,1890000,1200000
2022-03-11 15:00:50.271000,1.16914,1.16909,3340000,1200000
2022-03-11 15:00:50.373000,1.16912,1.16909,1440000,1120000
2022-03-11 15:00:50.577000,1.16913,1.1691,2220000,1200000
2022-03-11 15:00:50.679000,1.16913,1.16909,4090000,1120000
2022-03-11 15:00:50.780000,1.16913,1.1691,2220000,1200000
2022-03-11 15:00:51.225000,1.16912,1.16909,1440000,1120000
2022-03-11 15:00:51.460000,1.16911,1.16908,1320000,1200000
2022-03-11 15:00:51.562000,1.1691,1.16907,1840000,1200000
2022-03-11 15:00:51.664000,1.16909,1.16906,1440000,1200000
2022-03-11 15:00:52.153000,1.1691,1.16905,1720000,1200000
2022-03-11 15:00:52.306000,1.16906,1.16904,1200000,1200000
2022-03-11 15:00:52.510000,1.16907,1.16902,3690000,2020000
2022-03-11 15:00:53.060000,1.16905,1.16903,1720000,1120000
2022-03-11 15:00:53.111000,1.16901,1.169,1200000,2020000
2022-03-11 15:00:53.162000,1.169,1.16898,1350000,1350000
2022-03-11 15:00:53.214000,1.16897,1.16895,1320000,1200000
2022-03-11 15:00:53.316000,1.16896,1.16893,1200000,1800000
2022-03-11 15:00:53.419000,1.16897,1.16892,1240000,1800000
2022-03-11 15:00:53.521000,1.16896,1.16893,1320000,1800000
2022-03-11 15:00:54.749000,1.16896,1.16893,1200000,1720000
2022-03-11 15:00:55.319000,1.16896,1.16893,1200000,1200000
2022-03-11 15:00:55.592000,1.16895,1.16892,1440000,1200000
2022-03-11 15:00:55.745000,1.16895,1.16891,2790000,2880000
2022-03-11 15:00:55.796000,1.16891,1.16887,1200000,2320000
2022-03-11 15:00:55.898000,1.1689,1.16887,1320000,2100000
2022-03-11 15:00:56,1.1689,1.16887,1320000,1800000
2022-03-11 15:00:56.968000,1.16889,1.16887,1200000,1200000
2022-03-11 15:00:57.880000,1.16891,1.16887,1620000,1800000
2022-03-11 15:00:58.134000,1.16891,1.16888,1240000,1200000
2022-03-11 15:00:58.440000,1.16892,1.16887,1440000,1200000
2022-03-11 15:00:58.726000,1.16891,1.16887,1440000,1890000
2022-03-11 15:00:59.375000,1.16891,1.16888,1440000,1200000
2022-03-11 15:00:59.629000,1.16891,1.16887,1440000,1890000
2022-03-11 15:00:59.934000,1.16891,1.16888,1440000,1200000
2022-03-11 15:01:00.036000,1.16892,1.16889,1200000,2170000
2022-03-11 15:01:00.087000,1.16894,1.16892,1200000,1200000
2022-03-11 15:01:00.138000,1.16898,1.16894,3730000,1440000
2022-03-11 15:01:00.241000,1.16901,1.16894,1200000,1220000
2022-03-11 15:01:00.343000,1.16901,1.16898,1320000,1200000
2022-03-11 15:01:00.445000,1.16902,1.16899,2190000,1200000
2022-03-11 15:01:00.496000,1.16905,1.16898,2560000,1220000
2022-03-11 15:01:00.548000,1.16906,1.16902,4920000,1200000
2022-03-11 15:01:00.650000,1.16907,1.16904,1660000,1200000
2022-03-11 15:01:00.753000,1.1691,1.16908,1200000,1200000
2022-03-11 15:01:00.906000,1.1691,1.16907,1320000,2020000
2022-03-11 15:01:01.008000,1.1691,1.16907,1720000,1200000
2022-03-11 15:01:01.059000,1.16908,1.16905,1200000,1200000
2022-03-11 15:01:01.161000,1.16906,1.16902,1440000,1890000
2022-03-11 15:01:01.263000,1.16906,1.16902,1200000,1300000
2022-03-11 15:01:01.315000,1.16904,1.16901,1440000,1300000
2022-03-11 15:01:01.366000,1.16904,1.169,1440000,1440000
2022-03-11 15:01:01.552000,1.16904,1.16901,1440000,1200000
2022-03-11 15:01:02.060000,1.16905,1.16902,1200000,1440000
2022-03-11 15:01:02.264000,1.16908,1.16903,2340000,1200000
2022-03-11 15:01:02.417000,1.16908,1.16905,2120000,1200000
2022-03-11 15:01:02.469000,1.16907,1.16903,1440000,1320000
2022-03-11 15:01:02.622000,1.16908,1.16905,1670000,1120000
2022-03-11 15:01:02.724000,1.16907,1.16904,1200000,1320000
2022-03-11 15:01:02.928000,1.16905,1.16901,1320000,1440000
2022-03-11 15:01:03.030000,1.16905,1.16902,1440000,1200000
2022-03-11 15:01:03.133000,1.16907,1.16904,2340000,1200000
2022-03-11 15:01:04.071000,1.16905,1.16902,1200000,1210000
2022-03-11 15:01:04.173000,1.16905,1.16901,1440000,1210000
2022-03-11 15:01:04.276000,1.16904,1.16901,1440000,1200000
2022-03-11 15:01:04.761000,1.16905,1.16901,1440000,1320000
2022-03-11 15:01:04.864000,1.16905,1.16902,1440000,1200000
2022-03-11 15:01:05.017000,1.16905,1.16902,1840000,1200000
2022-03-11 15:01:05.170000,1.16905,1.16902,1440000,1200000
2022-03-11 15:01:05.273000,1.16905,1.16902,1720000,1200000
2022-03-11 15:01:05.395000,1.16905,1.16902,1440000,1200000
2022-03-11 15:01:05.841000,1.16904,1.16901,1440000,2020000
2022-03-11 15:01:09.572000,1.16905,1.16902,1440000,2920000
2022-03-11 15:01:09.675000,1.16904,1.16901,1440000,1800000
2022-03-11 15:01:09.828000,1.16903,1.169,1440000,1200000
2022-03-11 15:01:09.931000,1.16898,1.16895,1200000,4050000
2022-03-11 15:01:10.186000,1.16897,1.16894,1200000,1200000
2022-03-11 15:01:10.288000,1.16897,1.16893,1440000,1200000
2022-03-11 15:01:11.289000,1.16897,1.16894,1440000,1200000
2022-03-11 15:01:14.104000,1.169,1.16897,2920000,1200000
2022-03-11 15:01:14.156000,1.16901,1.16897,2920000,1200000
2022-03-11 15:01:14.309000,1.16899,1.16896,1800000,1660000
2022-03-11 15:01:14.564000,1.169,1.16896,2250000,1660000
2022-03-11 15:01:14.616000,1.16901,1.16898,2340000,1200000
2022-03-11 15:01:14.718000,1.169,1.16897,1350000,1320000
2022-03-11 15:01:14.820000,1.16898,1.16895,1200000,1320000
2022-03-11 15:01:15.437000,1.16899,1.16896,2920000,1200000
2022-03-11 15:01:15.540000,1.16899,1.16896,1320000,1200000
2022-03-11 15:01:15.744000,1.169,1.16897,1440000,1200000
2022-03-11 15:01:15.795000,1.16903,1.16899,1440000,1200000
2022-03-11 15:01:15.999000,1.16902,1.16899,1440000,1200000
2022-03-11 15:01:16.304000,1.169,1.16897,1200000,1200000
2022-03-11 15:01:16.407000,1.16897,1.16894,1890000,1200000
2022-03-11 15:01:17.052000,1.169,1.16896,2850000,1320000
2022-03-11 15:01:17.154000,1.16904,1.16899,1720000,1200000
2022-03-11 15:01:17.256000,1.16903,1.16899,1440000,1350000
2022-03-11 15:01:17.358000,1.16904,1.16899,1440000,1200000
2022-03-11 15:01:17.460000,1.16904,1.16901,1890000,1200000
2022-03-11 15:01:17.563000,1.16902,1.16899,1440000,1350000
2022-03-11 15:01:17.716000,1.16902,1.16899,1720000,1200000
2022-03-11 15:01:17.920000,1.16901,1.16898,1440000,1200000
2022-03-11 15:01:18.022000,1.169,1.16897,1200000,2550000
2022-03-11 15:01:18.124000,1.16899,1.16896,1200000,2340000
2022-03-11 15:01:18.379000,1.16897,1.16894,1200000,3000000
2022-03-11 15:01:18.481000,1.16897,1.16893,1200000,2620000
2022-03-11 15:01:19.009000,1.16897,1.16892,1200000,2560000
2022-03-11 15:01:20.374000,1.16897,1.16894,2340000,1200000
2022-03-11 15:01:20.476000,1.16897,1.16892,1200000,1200000
2022-03-11 15:01:20.628000,1.16896,1.16892,1200000,1660000
2022-03-11 15:01:21.259000,1.16896,1.16893,1200000,1200000
2022-03-11 15:01:21.727000,1.16897,1.16894,1200000,1440000
2022-03-11 15:01:22.590000,1.16898,1.16892,1350000,1890000
2022-03-11 15:01:22.693000,1.16896,1.16893,1200000,1440000
2022-03-11 15:01:24.632000,1.16896,1.16892,1890000,1800000
2022-03-11 15:01:25.040000,1.16896,1.16892,3300000,1800000
2022-03-11 15:01:25.142000,1.16894,1.16892,1890000,1200000
2022-03-11 15:01:25.245000,1.16893,1.16891,2340000,1200000
2022-03-11 15:01:25.398000,1.16896,1.16891,5940000,1800000
2022-03-11 15:01:26.771000,1.16896,1.16892,1440000,2020000
2022-03-11 15:01:26.887000,1.16895,1.16892,1200000,2560000
2022-03-11 15:01:27.051000,1.16896,1.16893,1200000,1200000
2022-03-11 15:01:31.410000,1.16897,1.16893,2790000,1200000
2022-03-11 15:01:32.206000,1.16897,1.16896,1200000,1120000
2022-03-11 15:01:32.309000,1.169,1.16898,1350000,1200000
2022-03-11 15:01:32.360000,1.16902,1.16898,1350000,1440000
2022-03-11 15:01:32.513000,1.16902,1.169,4050000,1200000
2022-03-11 15:01:32.615000,1.16903,1.16898,4500000,1200000
2022-03-11 15:01:32.718000,1.169,1.16895,1200000,2410000
2022-03-11 15:01:32.769000,1.16902,1.16897,2340000,1200000
2022-03-11 15:01:32.973000,1.16902,1.16899,5550000,1200000
2022-03-11 15:01:33.075000,1.16902,1.169,4500000,1200000
2022-03-11 15:01:33.177000,1.16902,1.169,4350000,1200000
2022-03-11 15:01:33.228000,1.169,1.16896,1800000,3530000
2022-03-11 15:01:33.280000,1.16902,1.16898,4500000,1220000
2022-03-11 15:01:34.022000,1.16904,1.16899,1800000,1440000
2022-03-11 15:01:34.124000,1.16901,1.16898,1200000,1720000
2022-03-11 15:01:34.227000,1.16904,1.16901,1800000,1200000
2022-03-11 15:01:34.278000,1.16903,1.16899,2340000,1440000
2022-03-11 15:01:34.904000,1.16903,1.169,2340000,1200000
2022-03-11 15:01:35.064000,1.16903,1.16899,2790000,1440000
2022-03-11 15:01:35.166000,1.16901,1.16899,1350000,1440000
2022-03-11 15:01:35.269000,1.16903,1.169,2920000,1200000
2022-03-11 15:01:35.320000,1.16899,1.16897,1200000,2470000
2022-03-11 15:01:35.373000,1.16899,1.16896,1200000,2020000
2022-03-11 15:01:35.476000,1.16897,1.16895,1350000,1200000
2022-03-11 15:01:35.891000,1.16897,1.16894,1350000,1200000
2022-03-11 15:01:37.196000,1.16896,1.16893,1350000,1200000
2022-03-11 15:01:41.591000,1.16897,1.16894,2250000,1200000
2022-03-11 15:01:43.224000,1.16899,1.16896,2550000,1200000
2022-03-11 15:01:44.275000,1.16899,1.16896,3690000,1200000
2022-03-11 15:01:44.382000,1.169,1.16896,1200000,1200000
2022-03-11 15:01:44.484000,1.169,1.16898,1200000,1200000
2022-03-11 15:01:44.841000,1.16902,1.16897,2790000,1200000
2022-03-11 15:01:44.943000,1.16901,1.16898,2920000,1200000
2022-03-11 15:01:45.920000,1.16899,1.16896,1440000,2020000
2022-03-11 15:01:46.897000,1.16901,1.16898,2340000,1200000
2022-03-11 15:01:46.999000,1.16899,1.16896,1200000,1120000
2022-03-11 15:01:47.357000,1.169,1.16897,4140000,1200000
2022-03-11 15:01:48.066000,1.169,1.16897,2370000,1200000
2022-03-11 15:01:48.320000,1.169,1.16897,2340000,1200000
2022-03-11 15:01:49.498000,1.16899,1.16896,1320000,1120000
2022-03-11 15:01:49.600000,1.169,1.16898,1890000,1200000
2022-03-11 15:01:49.703000,1.16901,1.16899,1440000,1200000
2022-03-11 15:01:50.778000,1.169,1.16897,2590000,1120000
2022-03-11 15:01:51.083000,1.169,1.16897,1200000,1970000
2022-03-11 15:01:51.186000,1.16901,1.16899,1350000,1200000
2022-03-11 15:01:52.771000,1.16899,1.16896,2370000,1570000
2022-03-11 15:01:52.873000,1.16897,1.16895,1440000,1200000
2022-03-11 15:01:53.561000,1.16898,1.16893,1890000,1200000
2022-03-11 15:01:54.018000,1.16897,1.16894,1990000,1200000
2022-03-11 15:01:54.400000,1.16897,1.16894,1890000,1200000
2022-03-11 15:01:59.115000,1.16897,1.16894,2170000,1200000
2022-03-11 15:02:00.067000,1.16897,1.16894,2340000,1200000
2022-03-11 15:02:01.091000,1.16897,1.16895,1440000,1200000
2022-03-11 15:02:02.909000,1.16897,1.16894,1440000,1200000
2022-03-11 15:02:03.146000,1.16897,1.16894,2170000,1200000
2022-03-11 15:02:03.400000,1.16897,1.16894,1890000,1200000
2022-03-11 15:02:06.198000,1.16897,1.16895,1200000,1200000
2022-03-11 15:02:08.269000,1.16897,1.16894,1320000,1200000
2022-03-11 15:02:08.371000,1.16897,1.16895,1320000,1200000
2022-03-11 15:02:15.463000,1.16899,1.16896,1840000,2020000
2022-03-11 15:02:16.717000,1.16899,1.16896,2790000,2020000
2022-03-11 15:02:18.048000,1.16899,1.16897,1890000,1200000
2022-03-11 15:02:20.916000,1.16899,1.16896,3690000,1200000
2022-03-11 15:02:21.018000,1.16899,1.16896,2100000,1200000
2022-03-11 15:02:24.513000,1.169,1.16897,2100000,3400000
2022-03-11 15:02:24.565000,1.16901,1.16898,1440000,1200000
2022-03-11 15:02:24.616000,1.16899,1.16897,1200000,1350000
2022-03-11 15:02:24.719000,1.169,1.16897,1440000,1200000
2022-03-11 15:02:24.821000,1.16899,1.16897,1350000,1200000
2022-03-11 15:02:25.800000,1.16899,1.16896,2700000,1200000
2022-03-11 15:02:25.902000,1.16901,1.16897,1720000,1440000
2022-03-11 15:02:27.103000,1.16902,1.16897,3150000,2290000
2022-03-11 15:02:27.205000,1.16899,1.16898,1200000,1200000
2022-03-11 15:02:27.308000,1.16899,1.16897,2550000,1200000
2022-03-11 15:02:28.070000,1.16899,1.16897,3910000,1200000
2022-03-11 15:02:28.426000,1.16898,1.16895,1800000,1200000
2022-03-11 15:02:28.528000,1.16898,1.16895,1800000,1200000
2022-03-11 15:02:28.631000,1.16897,1.16894,1570000,1200000
2022-03-11 15:02:28.784000,1.16895,1.16892,1200000,1200000
2022-03-11 15:02:29.977000,1.16896,1.16893,1620000,1200000
2022-03-11 15:02:30.079000,1.16896,1.16893,1440000,1200000
2022-03-11 15:02:33.516000,1.16896,1.16893,1620000,1200000
2022-03-11 15:02:33.891000,1.16897,1.16892,1440000,1200000
2022-03-11 15:02:39.503000,1.16896,1.16893,2590000,1200000
2022-03-11 15:02:39.605000,1.16895,1.16893,1800000,3600000
2022-03-11 15:02:42.916000,1.16896,1.16894,1890000,3600000
2022-03-11 15:02:43.699000,1.16895,1.16893,1320000,3600000
2022-03-11 15:02:46.044000,1.16896,1.16893,1720000,1440000
2022-03-11 15:02:46.146000,1.16896,1.16893,1800000,1320000
2022-03-11 15:02:58.673000,1.16897,1.16895,2340000,1120000
2022-03-11 15:02:58.775000,1.16899,1.16896,2590000,1120000
2022-03-11 15:02:58.877000,1.16899,1.16896,3690000,2470000
2022-03-11 15:02:59.482000,1.169,1.16895,3340000,2470000
2022-03-11 15:03:00.808000,1.16899,1.16896,3690000,2020000
2022-03-11 15:03:02.839000,1.16899,1.16896,2920000,2020000
2022-03-11 15:03:06.579000,1.16895,1.16893,1320000,1350000
2022-03-11 15:03:06.681000,1.16895,1.16892,1800000,1200000
2022-03-11 15:03:06.785000,1.16897,1.16894,2340000,1200000
2022-03-11 15:03:07.703000,1.16897,1.16894,1990000,1200000
2022-03-11 15:03:07.970000,1.16896,1.16892,3120000,1800000
2022-03-11 15:03:08.072000,1.16895,1.16892,1120000,1800000
2022-03-11 15:03:08.431000,1.16896,1.16893,3340000,1200000
2022-03-11 15:03:08.705000,1.16896,1.16893,2340000,1200000
2022-03-11 15:03:10.199000,1.16896,1.16894,1320000,1200000
2022-03-11 15:03:12.123000,1.16897,1.16893,3720000,1200000
2022-03-11 15:03:14.677000,1.16897,1.16894,1800000,1200000
2022-03-11 15:03:14.779000,1.16897,1.16894,1440000,1200000
2022-03-11 15:03:15.374000,1.16898,1.16893,1620000,1200000
2022-03-11 15:03:15.476000,1.16897,1.16893,1620000,1800000
2022-03-11 15:03:19.714000,1.16897,1.16894,1350000,1200000
2022-03-11 15:03:20.727000,1.16898,1.16896,2170000,1200000
2022-03-11 15:03:20.829000,1.16899,1.16894,2170000,1200000
2022-03-11 15:03:21.344000,1.16899,1.16896,1720000,2920000
2022-03-11 15:03:21.447000,1.16902,1.16899,1200000,2250000
2022-03-11 15:03:22.560000,1.169,1.16897,1200000,2920000
2022-03-11 15:03:22.662000,1.16899,1.16897,1200000,1800000
2022-03-11 15:03:23.299000,1.16899,1.16896,1890000,2700000
2022-03-11 15:03:24.169000,1.169,1.16897,1800000,1200000
2022-03-11 15:03:24.372000,1.16901,1.16897,3150000,1440000
2022-03-11 15:03:25.142000,1.16903,1.16899,2110000,1020000
2022-03-11 15:03:26.347000,1.16902,1.16898,1320000,2340000
2022-03-11 15:03:26.450000,1.16903,1.16898,1440000,1200000
2022-03-11 15:03:26.552000,1.16903,1.169,3720000,1200000
2022-03-11 15:03:27.283000,1.16902,1.16899,1890000,1200000
2022-03-11 15:03:27.756000,1.16902,1.16899,1800000,1200000
2022-03-11 15:03:28.441000,1.16903,1.16901,1080000,1200000
2022-03-11 15:03:28.544000,1.16902,1.16898,1200000,1200000
2022-03-11 15:03:28.646000,1.169,1.16898,1320000,1200000
2022-03-11 15:03:28.749000,1.169,1.16897,2340000,2020000
2022-03-11 15:03:28.902000,1.16899,1.16897,1200000,2920000
2022-03-11 15:03:29.004000,1.169,1.16897,1320000,2920000
2022-03-11 15:03:29.475000,1.16899,1.16897,1200000,2020000
2022-03-11 15:03:30.321000,1.16902,1.16899,2970000,1200000
2022-03-11 15:03:30.423000,1.16902,1.16899,2790000,1200000
2022-03-11 15:03:31.137000,1.16904,1.16901,3340000,1200000
2022-03-11 15:03:31.239000,1.16903,1.169,2370000,1200000
2022-03-11 15:03:32.849000,1.16899,1.16897,1320000,1200000
2022-03-11 15:03:32.952000,1.169,1.16895,1240000,1120000
2022-03-11 15:03:33.054000,1.16899,1.16894,1440000,1200000
2022-03-11 15:03:33.396000,1.16898,1.16896,2170000,1200000
2022-03-11 15:03:33.944000,1.169,1.16899,1440000,1200000
2022-03-11 15:03:34.046000,1.16901,1.16899,1440000,1200000
2022-03-11 15:03:34.858000,1.16902,1.16899,1440000,1800000
2022-03-11 15:03:35.138000,1.16904,1.16902,2340000,1200000
2022-03-11 15:03:35.189000,1.16904,1.169,3720000,1200000
2022-03-11 15:03:35.291000,1.16902,1.16899,1320000,1800000
2022-03-11 15:03:35.749000,1.169,1.16896,1240000,2550000
2022-03-11 15:03:36.105000,1.16898,1.16895,1990000,2250000
2022-03-11 15:03:36.686000,1.16899,1.16896,1320000,1200000
2022-03-11 15:03:38.790000,1.16898,1.16895,1350000,1890000
2022-03-11 15:03:38.892000,1.16898,1.16896,1890000,3600000
2022-03-11 15:03:41.975000,1.16898,1.16896,1990000,3600000
2022-03-11 15:03:47.942000,1.16898,1.16896,2340000,3600000
2022-03-11 15:03:48.094000,1.16898,1.16896,2370000,3600000
2022-03-11 15:03:48.351000,1.16898,1.16896,2340000,3600000
2022-03-11 15:03:48.504000,1.16898,1.16895,2790000,1200000
2022-03-11 15:03:50.365000,1.169,1.16898,2790000,1200000
2022-03-11 15:03:50.467000,1.16901,1.16896,1890000,1200000
2022-03-11 15:03:50.569000,1.16899,1.16897,1320000,1200000
2022-03-11 15:03:51.713000,1.169,1.16896,3120000,1570000
2022-03-11 15:03:51.815000,1.16903,1.16899,1620000,2250000
2022-03-11 15:03:51.968000,1.16902,1.16899,3310000,1200000
2022-03-11 15:03:53.329000,1.169,1.16896,1990000,1800000
2022-03-11 15:03:54.295000,1.16899,1.16896,2370000,2250000
2022-03-11 15:03:55.219000,1.169,1.16898,2340000,1200000
2022-03-11 15:03:56.206000,1.16902,1.16897,3240000,1200000
2022-03-11 15:03:56.982000,1.16902,1.169,1320000,1200000
2022-03-11 15:03:57.087000,1.16902,1.16899,3340000,1200000
2022-03-11 15:03:58.306000,1.16901,1.16898,2970000,1200000
2022-03-11 15:03:58.720000,1.16899,1.16896,1120000,1800000
2022-03-11 15:03:58.822000,1.16899,1.16896,2030000,1800000
2022-03-11 15:03:59.177000,1.16899,1.16896,1890000,1800000
2022-03-11 15:03:59.279000,1.16899,1.16896,2170000,1800000
2022-03-11 15:03:59.743000,1.16899,1.16896,2790000,1800000
2022-03-11 15:04:01.856000,1.169,1.16898,1800000,1200000
2022-03-11 15:04:02.867000,1.16902,1.16897,3240000,1200000
2022-03-11 15:04:03.027000,1.16902,1.16899,3240000,1200000
2022-03-11 15:04:04.064000,1.16902,1.16899,2170000,1200000
2022-03-11 15:04:05.636000,1.169,1.16898,1320000,1200000
2022-03-11 15:04:05.840000,1.16902,1.16899,1890000,1200000
2022-03-11 15:04:05.942000,1.16902,1.169,1440000,1200000
2022-03-11 15:04:06.044000,1.16905,1.16902,3300000,1200000
2022-03-11 15:04:06.146000,1.16905,1.16902,2790000,1200000
2022-03-11 15:04:07.167000,1.16905,1.16903,1350000,1200000
2022-03-11 15:04:09.140000,1.16906,1.16904,1440000,1120000
2022-03-11 15:04:09.243000,1.16908,1.16906,1800000,1350000
2022-03-11 15:04:09.345000,1.16909,1.16906,1200000,2790000
2022-03-11 15:04:10.149000,1.1691,1.16907,2930000,1200000
2022-03-11 15:04:10.252000,1.16912,1.1691,2170000,3430000
2022-03-11 15:04:10.303000,1.16915,1.1691,3120000,1200000
2022-03-11 15:04:11.014000,1.16913,1.1691,2340000,1200000
2022-03-11 15:04:11.065000,1.16909,1.16907,1200000,1650000
2022-03-11 15:04:11.168000,1.16909,1.16907,2340000,1200000
2022-03-11 15:04:11.371000,1.16909,1.16908,1800000,1200000
2022-03-11 15:04:12.450000,1.1691,1.16908,1440000,1200000
2022-03-11 15:04:12.754000,1.16911,1.16908,3240000,1800000
2022-03-11 15:04:13.585000,1.16912,1.16909,2220000,1200000
2022-03-11 15:04:14.428000,1.16912,1.16909,1890000,1200000
2022-03-11 15:04:15.355000,1.16912,1.16909,2410000,1200000
2022-03-11 15:04:16.261000,1.16912,1.1691,2340000,1200000
2022-03-11 15:04:17.605000,1.16912,1.16909,1320000,1200000
2022-03-11 15:04:17.946000,1.16912,1.16909,1810000,1200000
2022-03-11 15:04:18.419000,1.16912,1.16909,1890000,1200000
2022-03-11 15:04:19.630000,1.16912,1.16909,1620000,1200000
2022-03-11 15:04:22.568000,1.16912,1.16909,1890000,1200000
2022-03-11 15:04:25.072000,1.16913,1.1691,2340000,1200000
2022-03-11 15:04:25.174000,1.16914,1.16909,1990000,1200000
2022-03-11 15:04:25.276000,1.16913,1.1691,1890000,1200000
2022-03-11 15:04:25.831000,1.16915,1.16912,1990000,1200000
2022-03-11 15:04:26.034000,1.16915,1.16913,8640000,1200000
2022-03-11 15:04:26.137000,1.16917,1.16915,1350000,1200000
2022-03-11 15:04:26.239000,1.1692,1.16915,1240000,1200000
2022-03-11 15:04:26.494000,1.16919,1.16916,1320000,1200000
2022-03-11 15:04:28.344000,1.16921,1.16917,3120000,1200000
2022-03-11 15:04:29.598000,1.1692,1.16917,1810000,1200000
2022-03-11 15:04:30.209000,1.1692,1.16917,1440000,1200000
2022-03-11 15:04:32.756000,1.16921,1.16918,1350000,1440000
2022-03-11 15:04:32.859000,1.16922,1.16919,1320000,2770000
2022-03-11 15:04:32.961000,1.16922,1.16919,1440000,1570000
2022-03-11 15:04:33.681000,1.16921,1.16918,1890000,1200000
2022-03-11 15:04:34.795000,1.16921,1.16918,2220000,1200000
2022-03-11 15:04:34.898000,1.16919,1.16918,1200000,1200000
2022-03-11 15:04:35.830000,1.1692,1.16918,4140000,1200000
2022-03-11 15:04:36.006000,1.16918,1.16916,1440000,1200000
2022-03-11 15:04:36.932000,1.16917,1.16913,1320000,3690000
2022-03-11 15:04:37.034000,1.16918,1.16916,2340000,1200000
2022-03-11 15:04:39.743000,1.16918,1.16915,1440000,1200000
2022-03-11 15:04:39.897000,1.16918,1.16916,1440000,1200000
2022-03-11 15:04:41.757000,1.16918,1.16915,2560000,1200000
2022-03-11 15:04:41.910000,1.16918,1.16915,2220000,1200000
2022-03-11 15:04:42.215000,1.16918,1.16915,1440000,1200000
2022-03-11 15:04:42.702000,1.16918,1.16915,1720000,1200000
2022-03-11 15:04:44.217000,1.16916,1.16914,1320000,1200000
2022-03-11 15:04:44.320000,1.16913,1.16912,1200000,1200000
2022-03-11 15:04:46.386000,1.16914,1.16912,1440000,1200000
2022-03-11 15:04:46.824000,1.16914,1.16912,1200000,1870000
2022-03-11 15:04:46.926000,1.16915,1.1691,1350000,1120000
2022-03-11 15:04:48.674000,1.16913,1.16911,1200000,1120000
2022-03-11 15:04:48.975000,1.16914,1.16911,2700000,1120000
2022-03-11 15:04:49.966000,1.16913,1.16911,1200000,1120000
2022-03-11 15:04:50.170000,1.16914,1.16911,3240000,1120000
2022-03-11 15:04:50.490000,1.16913,1.16911,1200000,1120000
2022-03-11 15:04:50.721000,1.16914,1.16911,3240000,1120000
2022-03-11 15:04:50.878000,1.16914,1.16911,4990000,1200000
2022-03-11 15:04:51.184000,1.16912,1.16909,3720000,2020000
2022-03-11 15:04:51.388000,1.16911,1.16908,2740000,1200000
2022-03-11 15:04:52.111000,1.16912,1.16907,2700000,1200000
2022-03-11 15:04:52.264000,1.16911,1.16907,1200000,1200000
2022-03-11 15:04:52.366000,1.16911,1.16908,2700000,1200000
2022-03-11 15:04:52.468000,1.16911,1.16907,1350000,1200000
2022-03-11 15:04:52.882000,1.16911,1.16908,2700000,1200000
2022-03-11 15:04:53.194000,1.1691,1.16908,1200000,1200000
2022-03-11 15:04:53.397000,1.16911,1.16908,3240000,1200000
2022-03-11 15:04:53.499000,1.1691,1.16908,1200000,1200000
2022-03-11 15:04:53.747000,1.1691,1.16907,3690000,1200000
2022-03-11 15:04:53.849000,1.16909,1.16907,1200000,1200000
2022-03-11 15:04:54.002000,1.16906,1.16904,2250000,1800000
2022-03-11 15:04:54.104000,1.16905,1.16904,1350000,1200000
2022-03-11 15:04:58.981000,1.16906,1.16904,2790000,1200000
2022-03-11 15:05:00.194000,1.16907,1.16904,1800000,2340000
2022-03-11 15:05:00.296000,1.16907,1.16905,1200000,1200000
2022-03-11 15:05:00.399000,1.16907,1.16904,1200000,2340000
2022-03-11 15:05:00.501000,1.16909,1.16906,1990000,1200000
2022-03-11 15:05:00.755000,1.16909,1.16906,1890000,1200000
2022-03-11 15:05:01.649000,1.1691,1.16907,1800000,1440000
2022-03-11 15:05:05.945000,1.16906,1.16904,1200000,1720000
2022-03-11 15:05:06.047000,1.16906,1.16904,1200000,1200000
2022-03-11 15:05:06.455000,1.16907,1.16905,1200000,3000000
2022-03-11 15:05:06.506000,1.16911,1.16905,1440000,1890000
2022-03-11 15:05:06.710000,1.1691,1.16907,1320000,1800000
2022-03-11 15:05:06.973000,1.16911,1.16907,1890000,4120000
2022-03-11 15:05:07.089000,1.16912,1.16909,1890000,1120000
2022-03-11 15:05:07.191000,1.16912,1.1691,1200000,1800000
2022-03-11 15:05:07.293000,1.16913,1.1691,1320000,1120000
2022-03-11 15:05:14.977000,1.16911,1.16908,1440000,2920000
2022-03-11 15:05:15.079000,1.16911,1.16908,2220000,1200000
2022-03-11 15:05:15.736000,1.16911,1.16909,1440000,1200000
2022-03-11 15:05:16.042000,1.16913,1.16908,2340000,1200000
2022-03-11 15:05:16.153000,1.16912,1.16908,1200000,1200000
2022-03-11 15:05:16.722000,1.16912,1.16909,2340000,1200000
2022-03-11 15:05:17.008000,1.16911,1.16909,1200000,1200000
2022-03-11 15:05:17.749000,1.16912,1.16909,2340000,1200000
2022-03-11 15:05:18.460000,1.16911,1.16909,1200000,1200000
2022-03-11 15:05:18.563000,1.16911,1.16908,2340000,1200000
2022-03-11 15:05:18.665000,1.1691,1.16908,1440000,1200000
2022-03-11 15:05:18.971000,1.16911,1.16908,2790000,1200000
2022-03-11 15:05:19.074000,1.16908,1.16906,4050000,1200000
2022-03-11 15:05:19.176000,1.16909,1.16907,2340000,1800000
2022-03-11 15:05:19.736000,1.1691,1.16907,1200000,3010000
2022-03-11 15:05:19.838000,1.1691,1.16907,2970000,1800000
2022-03-11 15:05:20.124000,1.1691,1.16907,1890000,1800000
2022-03-11 15:05:20.440000,1.16911,1.16909,1320000,1200000
2022-03-11 15:05:20.542000,1.16914,1.16909,4840000,1200000
2022-03-11 15:05:20.644000,1.16912,1.16909,1890000,1200000
2022-03-11 15:05:21.535000,1.16912,1.16909,2220000,1200000
2022-03-11 15:05:22.110000,1.16911,1.16908,1440000,1120000
2022-03-11 15:05:23.258000,1.16912,1.16909,2340000,1200000
2022-03-11 15:05:25.159000,1.16911,1.16908,1890000,1200000
2022-03-11 15:05:26.432000,1.16911,1.16908,2220000,1200000
2022-03-11 15:05:26.959000,1.16911,1.16908,1440000,2020000
2022-03-11 15:05:30.648000,1.16912,1.1691,1440000,1300000
2022-03-11 15:05:30.750000,1.16913,1.1691,1200000,2170000
2022-03-11 15:05:31.047000,1.16913,1.16912,1200000,1200000
2022-03-11 15:05:31.352000,1.16913,1.16911,1200000,1120000
2022-03-11 15:05:34.202000,1.16913,1.1691,2790000,1800000
2022-03-11 15:05:34.304000,1.16912,1.1691,1320000,1200000
2022-03-11 15:05:34.987000,1.16913,1.16911,2790000,1120000
2022-03-11 15:05:36.305000,1.16913,1.1691,2790000,2020000
2022-03-11 15:05:36.407000,1.16913,1.16911,2790000,1120000
2022-03-11 15:05:36.560000,1.16913,1.1691,2790000,1350000
2022-03-11 15:05:36.935000,1.16913,1.1691,2920000,1200000
2022-03-11 15:05:37.088000,1.16912,1.16909,3240000,1200000
2022-03-11 15:05:37.190000,1.1691,1.16908,1200000,1200000
2022-03-11 15:05:37.292000,1.1691,1.16907,1440000,3820000
2022-03-11 15:05:38.524000,1.16911,1.16908,1440000,2020000
2022-03-11 15:05:39.696000,1.16911,1.16909,1320000,1200000
2022-03-11 15:05:39.798000,1.16911,1.16908,1200000,2110000
2022-03-11 15:05:41.055000,1.16913,1.16909,2970000,2020000
2022-03-11 15:05:41.157000,1.16913,1.16909,2790000,2110000
2022-03-11 15:05:41.484000,1.16913,1.16911,2790000,1120000
2022-03-11 15:05:42.074000,1.16915,1.16914,1350000,1120000
2022-03-11 15:05:42.177000,1.16917,1.16914,1320000,2470000
2022-03-11 15:05:45.193000,1.16911,1.1691,1200000,1100000
2022-03-11 15:05:45.247000,1.16912,1.16907,2250000,3600000
2022-03-11 15:05:45.349000,1.1691,1.16907,1200000,1200000
2022-03-11 15:05:46.199000,1.16911,1.16907,1890000,1200000
2022-03-11 15:05:47.225000,1.16911,1.16908,2340000,1200000
2022-03-11 15:05:48.124000,1.16909,1.16905,3910000,1200000
2022-03-11 15:05:48.226000,1.16906,1.16903,2220000,1200000
2022-03-11 15:05:48.328000,1.16905,1.16902,1440000,1200000
2022-03-11 15:05:49.679000,1.16906,1.16902,1890000,1320000
2022-03-11 15:05:50.465000,1.16906,1.16902,1440000,2620000
2022-03-11 15:05:50.567000,1.16906,1.16902,1440000,2110000
2022-03-11 15:05:52.089000,1.16906,1.16902,1840000,1200000
2022-03-11 15:05:58.111000,1.16902,1.16899,2790000,1200000
2022-03-11 15:05:58.419000,1.16903,1.169,1350000,1200000
2022-03-11 15:06:08.526000,1.16904,1.16901,1200000,1200000
2022-03-11 15:06:09.785000,1.16908,1.16904,1100000,1200000
2022-03-11 15:06:09.836000,1.16908,1.16905,2790000,1200000
2022-03-11 15:06:09.989000,1.16909,1.16905,1320000,1800000
2022-03-11 15:06:10.040000,1.16907,1.16904,1350000,3670000
2022-03-11 15:06:10.092000,1.16906,1.16902,1200000,5590000
2022-03-11 15:06:10.194000,1.16904,1.16901,1200000,2790000
2022-03-11 15:06:11.116000,1.16903,1.169,1200000,1200000
2022-03-11 15:06:11.277000,1.16903,1.16899,1200000,2790000
2022-03-11 15:06:12.014000,1.16903,1.169,1200000,1200000
2022-03-11 15:06:13.762000,1.16904,1.16901,1320000,1200000
2022-03-11 15:06:17.809000,1.16904,1.16901,1200000,1620000
2022-03-11 15:06:19.469000,1.16906,1.16901,3300000,1620000
2022-03-11 15:06:19.616000,1.16904,1.16901,1200000,1620000
2022-03-11 15:06:19.727000,1.16905,1.16902,1350000,1320000
2022-03-11 15:06:32.259000,1.16906,1.16904,1650000,1300000
2022-03-11 15:06:32.310000,1.16907,1.16905,1350000,1200000
2022-03-11 15:06:32.412000,1.16908,1.16904,1320000,1660000
2022-03-11 15:06:32.514000,1.16908,1.16905,1320000,1200000
2022-03-11 15:06:35.518000,1.16909,1.16905,1440000,2560000
2022-03-11 15:06:35.671000,1.16909,1.16906,1320000,1570000
2022-03-11 15:06:36.324000,1.16911,1.16907,2590000,1200000
2022-03-11 15:06:38.462000,1.16911,1.16908,2220000,1200000
2022-03-11 15:06:38.564000,1.16912,1.16909,1440000,1200000
2022-03-11 15:06:41.176000,1.16913,1.16908,1620000,1200000
2022-03-11 15:06:42.286000,1.16911,1.16908,1320000,1200000
2022-03-11 15:06:42.388000,1.1691,1.16907,1320000,1800000
2022-03-11 15:06:43.087000,1.16911,1.16907,1890000,2110000
2022-03-11 15:06:43.634000,1.16912,1.16907,1890000,1200000
2022-03-11 15:06:45.634000,1.16912,1.16909,1440000,1200000
2022-03-11 15:06:52.486000,1.16912,1.16909,1320000,3040000
2022-03-11 15:06:53.197000,1.16912,1.16909,1320000,1570000
2022-03-11 15:06:54.842000,1.16912,1.1691,1350000,1200000
2022-03-11 15:06:55.347000,1.16912,1.16909,1200000,2110000
2022-03-11 15:06:56.297000,1.16912,1.1691,1200000,1200000
2022-03-11 15:06:57.278000,1.16912,1.16909,1200000,1660000
2022-03-11 15:06:59.191000,1.16913,1.16909,1200000,2370000
2022-03-11 15:06:59.293000,1.16912,1.16909,1200000,1440000
2022-03-11 15:07:03.790000,1.16912,1.16908,1240000,2470000
2022-03-11 15:07:04.693000,1.16913,1.16907,1620000,2250000
2022-03-11 15:07:05.653000,1.16912,1.16908,1440000,3010000
2022-03-11 15:07:08.493000,1.1691,1.16907,1350000,1240000
2022-03-11 15:07:08.595000,1.16908,1.16905,1200000,2790000
2022-03-11 15:07:12.131000,1.16906,1.16904,1440000,1200000
2022-03-11 15:07:12.182000,1.16905,1.16902,1200000,1320000
2022-03-11 15:07:13.443000,1.16905,1.16902,1320000,2290000
2022-03-11 15:07:13.546000,1.16906,1.16903,1200000,2560000
2022-03-11 15:07:13.699000,1.16906,1.16904,1200000,1100000
2022-03-11 15:07:13.750000,1.16908,1.16905,1320000,1200000
2022-03-11 15:07:13.853000,1.16907,1.16904,1200000,2170000
2022-03-11 15:07:14.778000,1.16907,1.16904,1200000,3240000
2022-03-11 15:07:14.880000,1.16907,1.16904,1200000,2740000
2022-03-11 15:07:16.939000,1.16908,1.16905,1200000,1440000
2022-03-11 15:07:17.375000,1.16907,1.16904,1200000,1440000
2022-03-11 15:07:19.228000,1.16908,1.16905,1200000,1810000
2022-03-11 15:07:20.032000,1.16908,1.16905,1350000,1320000
2022-03-11 15:07:20.590000,1.16907,1.16904,1200000,1440000
2022-03-11 15:07:20.692000,1.16906,1.16902,1440000,2340000
2022-03-11 15:07:20.896000,1.16904,1.16902,1200000,1320000
2022-03-11 15:07:20.947000,1.16906,1.16902,1320000,1320000
2022-03-11 15:07:21.762000,1.16906,1.16903,1200000,1620000
2022-03-11 15:07:21.915000,1.16907,1.16905,1200000,1320000
2022-03-11 15:07:22.118000,1.16908,1.16905,1200000,1890000
2022-03-11 15:07:26.170000,1.16909,1.16906,1350000,1320000
2022-03-11 15:07:26.974000,1.16909,1.16907,1200000,1020000
2022-03-11 15:07:27.890000,1.1691,1.16907,1200000,2740000
2022-03-11 15:07:28.568000,1.16913,1.1691,3260000,1890000
2022-03-11 15:07:28.670000,1.16913,1.1691,1200000,2340000
2022-03-11 15:07:29.181000,1.16916,1.16911,1200000,1890000
2022-03-11 15:07:29.283000,1.16915,1.16912,1200000,2560000
2022-03-11 15:07:29.335000,1.16917,1.16914,3240000,1200000
2022-03-11 15:07:30.305000,1.16919,1.16916,2790000,1120000
2022-03-11 15:07:33.208000,1.16919,1.16916,1200000,3110000
2022-03-11 15:07:34.918000,1.16919,1.16916,1200000,2340000
2022-03-11 15:07:47.922000,1.16922,1.16919,2740000,1200000
2022-03-11 15:07:48.024000,1.16919,1.16916,1200000,1440000
2022-03-11 15:07:57.216000,1.16921,1.16916,1200000,1200000
2022-03-11 15:07:57.981000,1.16919,1.16916,1200000,1440000
2022-03-11 15:08:00.196000,1.16919,1.16916,1200000,2550000
2022-03-11 15:08:00.450000,1.16919,1.16916,1350000,1890000
2022-03-11 15:08:01.010000,1.1692,1.16915,4270000,1440000
2022-03-11 15:08:02.095000,1.16915,1.16913,1200000,1800000
2022-03-11 15:08:02.147000,1.16913,1.1691,1200000,2520000
2022-03-11 15:08:02.249000,1.16913,1.1691,3600000,1200000
2022-03-11 15:08:02.351000,1.16911,1.16908,1570000,1440000
2022-03-11 15:08:02.403000,1.1691,1.16905,1210000,1240000
2022-03-11 15:08:02.454000,1.16908,1.16905,1200000,1240000
2022-03-11 15:08:03.853000,1.16905,1.16903,1200000,1200000
2022-03-11 15:08:03.955000,1.16905,1.16902,1200000,1320000
2022-03-11 15:08:09.852000,1.16908,1.16904,1800000,1200000
2022-03-11 15:08:12.081000,1.16906,1.16903,1200000,1440000
2022-03-11 15:08:12.183000,1.16905,1.16902,1200000,1440000
2022-03-11 15:08:12.387000,1.16906,1.16903,1200000,1200000
2022-03-11 15:08:13.189000,1.16907,1.16902,1200000,1240000
2022-03-11 15:08:14.667000,1.16907,1.16902,1200000,1320000
2022-03-11 15:08:14.990000,1.16905,1.16902,1200000,1620000
2022-03-11 15:08:15.092000,1.16907,1.16904,2700000,1320000
2022-03-11 15:08:15.194000,1.16907,1.16905,1200000,1200000
2022-03-11 15:08:16.499000,1.16908,1.16906,1200000,1200000
2022-03-11 15:08:17.448000,1.16909,1.16906,1200000,1200000
2022-03-11 15:08:17.964000,1.16908,1.16905,1200000,1800000
2022-03-11 15:08:18.422000,1.1691,1.16907,1440000,1200000
2022-03-11 15:08:18.524000,1.16908,1.16905,1200000,2790000
2022-03-11 15:08:19.673000,1.16909,1.16906,1200000,1440000
2022-03-11 15:08:20.054000,1.16909,1.16905,1440000,2340000
2022-03-11 15:08:20.299000,1.16911,1.16905,2220000,1200000
2022-03-11 15:08:21.191000,1.16908,1.16905,1440000,1200000
2022-03-11 15:08:25.554000,1.16907,1.16904,2340000,1200000
2022-03-11 15:08:25.656000,1.16905,1.16902,1200000,1440000
2022-03-11 15:08:26.293000,1.16907,1.16904,1200000,2170000
2022-03-11 15:08:26.344000,1.1691,1.16905,1440000,1200000
2022-03-11 15:08:26.497000,1.16911,1.16908,1720000,1200000
2022-03-11 15:08:26.600000,1.16911,1.16908,1200000,1200000
2022-03-11 15:08:29.147000,1.16913,1.16909,1890000,1200000
2022-03-11 15:08:29.453000,1.16912,1.16909,1440000,1350000
2022-03-11 15:08:30.177000,1.16913,1.1691,2790000,1200000
2022-03-11 15:08:31.960000,1.16912,1.16909,1200000,1440000
2022-03-11 15:08:34.943000,1.16911,1.16906,1440000,1350000
2022-03-11 15:08:35.096000,1.16909,1.16906,3010000,1720000
2022-03-11 15:08:35.198000,1.16907,1.16905,1200000,1120000
2022-03-11 15:08:35.503000,1.16908,1.16905,2340000,1120000
2022-03-11 15:08:40.541000,1.16908,1.16905,2030000,1200000
2022-03-11 15:08:40.895000,1.16907,1.16904,1440000,1200000
2022-03-11 15:08:41.294000,1.16905,1.16902,1200000,1800000
2022-03-11 15:08:41.396000,1.16906,1.16901,1890000,1200000
2022-03-11 15:08:41.753000,1.16907,1.16903,2590000,1350000
2022-03-11 15:08:46.904000,1.16906,1.16902,1890000,2700000
2022-03-11 15:08:49.905000,1.16907,1.16901,1440000,2660000
2022-03-11 15:08:50.489000,1.16908,1.16905,1800000,2250000
2022-03-11 15:08:50.540000,1.1691,1.16906,1440000,1350000
2022-03-11 15:08:50.693000,1.1691,1.16906,1440000,1600000
2022-03-11 15:08:50.795000,1.16911,1.16907,2340000,1350000
2022-03-11 15:08:51.109000,1.16913,1.1691,2920000,1200000
2022-03-11 15:08:51.160000,1.16914,1.1691,2340000,1350000
2022-03-11 15:08:51.262000,1.16913,1.16909,1440000,1350000
2022-03-11 15:08:52.198000,1.16912,1.16909,1200000,1350000
2022-03-11 15:08:56.718000,1.16915,1.16909,2340000,1350000
2022-03-11 15:08:57.206000,1.16914,1.16911,1200000,1200000
2022-03-11 15:09:00.162000,1.16912,1.16909,1200000,1320000
2022-03-11 15:09:00.265000,1.16913,1.16909,1440000,1210000
2022-03-11 15:09:00.671000,1.16913,1.1691,1890000,1200000
2022-03-11 15:09:01.246000,1.16915,1.16912,1440000,1350000
2022-03-11 15:09:02.036000,1.16916,1.16913,1890000,1200000
2022-03-11 15:09:02.737000,1.16916,1.16913,2590000,1200000
2022-03-11 15:09:03.190000,1.16917,1.16914,2970000,1350000
2022-03-11 15:09:03.294000,1.16917,1.16914,1440000,1720000
2022-03-11 15:09:04.066000,1.16917,1.16914,2970000,1720000
2022-03-11 15:09:04.219000,1.16917,1.16914,2970000,1350000
2022-03-11 15:09:04.321000,1.16917,1.16914,1440000,1350000
2022-03-11 15:09:04.423000,1.16917,1.16914,2970000,1350000
2022-03-11 15:09:04.528000,1.16918,1.16915,2970000,1120000
2022-03-11 15:09:04.631000,1.1692,1.16916,3340000,1200000
2022-03-11 15:09:08.084000,1.16919,1.16916,3340000,1200000
2022-03-11 15:09:09.082000,1.16918,1.16915,3530000,1200000
2022-03-11 15:09:09.185000,1.16918,1.16915,2020000,1200000
2022-03-11 15:09:09.287000,1.16918,1.16915,2970000,1200000
2022-03-11 15:09:09.541000,1.16919,1.16916,4280000,1200000
2022-03-11 15:09:09.814000,1.16919,1.16915,3530000,1200000
2022-03-11 15:09:09.916000,1.16918,1.16915,2970000,1200000
2022-03-11 15:09:10.069000,1.16916,1.16913,2220000,1350000
2022-03-11 15:09:10.273000,1.16916,1.16913,1890000,1200000
2022-03-11 15:09:10.375000,1.16914,1.16911,3340000,1200000
2022-03-11 15:09:10.477000,1.16912,1.16909,1660000,1800000
2022-03-11 15:09:10.580000,1.16912,1.16909,3160000,1200000
2022-03-11 15:09:13.248000,1.16912,1.16908,3910000,1200000
2022-03-11 15:09:13.401000,1.16912,1.16908,3340000,1200000
2022-03-11 15:09:18.404000,1.16911,1.16908,1350000,1200000
2022-03-11 15:09:18.506000,1.1691,1.16906,2970000,1200000
2022-03-11 15:09:18.971000,1.16907,1.16905,1320000,1200000
2022-03-11 15:09:19.078000,1.16907,1.16904,2970000,1200000
2022-03-11 15:09:20.799000,1.16905,1.16901,3340000,1720000
2022-03-11 15:09:20.952000,1.16905,1.16901,3340000,1200000
2022-03-11 15:09:21.219000,1.16905,1.16902,1440000,1200000
2022-03-11 15:09:21.476000,1.16905,1.16901,1440000,1440000
2022-03-11 15:09:21.699000,1.16904,1.16901,1440000,1200000
2022-03-11 15:09:21.852000,1.16904,1.169,2970000,2250000
2022-03-11 15:09:28.278000,1.16904,1.16901,1440000,1200000
2022-03-11 15:09:28.380000,1.16905,1.16902,1720000,1200000
2022-03-11 15:09:28.432000,1.169,1.16898,2850000,1420000
2022-03-11 15:09:28.534000,1.169,1.16896,1890000,1660000
2022-03-11 15:09:28.637000,1.169,1.16897,2170000,1200000
2022-03-11 15:09:28.739000,1.169,1.16897,3010000,1200000
2022-03-11 15:09:28.892000,1.169,1.16897,3910000,1200000
2022-03-11 15:09:28.994000,1.16899,1.16896,1440000,1200000
2022-03-11 15:09:29.096000,1.16899,1.16895,1440000,2790000
2022-03-11 15:09:29.199000,1.16898,1.16894,2970000,1350000
2022-03-11 15:09:29.352000,1.16896,1.16893,1440000,1800000
2022-03-11 15:09:29.454000,1.16894,1.16891,2170000,1200000
2022-03-11 15:09:29.709000,1.16894,1.16891,1890000,1200000
2022-03-11 15:09:29.811000,1.16894,1.1689,1440000,1320000
2022-03-11 15:09:29.913000,1.16894,1.16891,1440000,1200000
2022-03-11 15:09:30.066000,1.16894,1.16891,2970000,1200000
2022-03-11 15:09:30.168000,1.16894,1.1689,2970000,1570000
2022-03-11 15:09:30.321000,1.16893,1.1689,3910000,1200000
2022-03-11 15:09:30.423000,1.16893,1.16889,3910000,1350000
2022-03-11 15:09:33.289000,1.16892,1.16889,3160000,1200000
2022-03-11 15:09:33.391000,1.1689,1.16887,1020000,1350000
2022-03-11 15:09:33.493000,1.16892,1.16888,4660000,1200000
2022-03-11 15:09:33.595000,1.16891,1.16887,2970000,1200000
2022-03-11 15:09:33.697000,1.16893,1.16887,4470000,1200000
2022-03-11 15:09:33.850000,1.1689,1.16887,3910000,1200000
2022-03-11 15:09:34.104000,1.1689,1.16887,1440000,1350000
2022-03-11 15:09:34.677000,1.16891,1.16888,3340000,1120000
2022-03-11 15:09:35.906000,1.16891,1.16886,2970000,1200000
2022-03-11 15:09:36.008000,1.16891,1.16887,3340000,2020000
2022-03-11 15:09:37.109000,1.16893,1.16888,2970000,1200000
2022-03-11 15:09:37.211000,1.16892,1.16889,1440000,1200000
2022-03-11 15:09:37.869000,1.16894,1.16891,1440000,1600000
2022-03-11 15:09:37.971000,1.16896,1.16893,2220000,1200000
2022-03-11 15:09:38.638000,1.16896,1.16893,1440000,1200000
2022-03-11 15:09:39.126000,1.16896,1.16892,1440000,2110000
2022-03-11 15:09:39.278000,1.16896,1.16892,2970000,2020000
2022-03-11 15:09:39.685000,1.16896,1.16893,2220000,1200000
2022-03-11 15:09:39.787000,1.16897,1.16893,3340000,1200000
2022-03-11 15:09:40.041000,1.16897,1.16891,4090000,1200000
2022-03-11 15:09:40.143000,1.1689,1.16887,1320000,1200000
2022-03-11 15:09:40.246000,1.1689,1.16886,1890000,2110000
2022-03-11 15:09:40.521000,1.1689,1.16887,1890000,1200000
2022-03-11 15:09:40.699000,1.1689,1.16886,1890000,2110000
2022-03-11 15:09:41.114000,1.1689,1.16887,1200000,1200000
2022-03-11 15:09:41.216000,1.1689,1.16886,1660000,1890000
2022-03-11 15:09:43.130000,1.1689,1.16887,1660000,1200000
2022-03-11 15:09:43.800000,1.16891,1.16887,1440000,2550000
2022-03-11 15:09:43.902000,1.16893,1.16891,2920000,1200000
2022-03-11 15:09:44.004000,1.16894,1.1689,2970000,1200000
2022-03-11 15:09:44.106000,1.16892,1.16889,1440000,1350000
2022-03-11 15:09:44.638000,1.16891,1.16887,2970000,1800000
2022-03-11 15:09:44.740000,1.16891,1.16888,2970000,1200000
2022-03-11 15:09:44.842000,1.16891,1.16888,1440000,1200000
2022-03-11 15:09:45.045000,1.16892,1.16889,1440000,1200000
2022-03-11 15:09:45.148000,1.16892,1.16886,1890000,1660000
2022-03-11 15:09:45.238000,1.1689,1.16887,2970000,1200000
2022-03-11 15:09:45.547000,1.1689,1.16887,1440000,1200000
2022-03-11 15:09:45.802000,1.1689,1.16887,2970000,1200000
2022-03-11 15:09:46.660000,1.1689,1.16887,1440000,1200000
2022-03-11 15:09:47.424000,1.16891,1.16888,1440000,1570000
2022-03-11 15:09:47.987000,1.16891,1.16888,2970000,1200000
2022-03-11 15:09:48.112000,1.16891,1.16888,1440000,1200000
2022-03-11 15:09:48.584000,1.16892,1.16888,1890000,1320000
2022-03-11 15:09:48.686000,1.16894,1.1689,2970000,1800000
2022-03-11 15:09:48.789000,1.16893,1.16889,3340000,1200000
2022-03-11 15:09:49.044000,1.16893,1.16889,1440000,1440000
2022-03-11 15:09:49.597000,1.16893,1.1689,1440000,1200000
2022-03-11 15:09:49.851000,1.16894,1.16888,1440000,1440000
2022-03-11 15:09:49.953000,1.16893,1.16889,3340000,1200000
2022-03-11 15:09:51.376000,1.16893,1.16889,1440000,1890000
2022-03-11 15:09:51.719000,1.16896,1.1689,4470000,1200000
2022-03-11 15:09:51.923000,1.16896,1.16893,3340000,1200000
2022-03-11 15:09:51.974000,1.16895,1.16891,1440000,1890000
2022-03-11 15:09:52.077000,1.16894,1.16891,1200000,1890000
2022-03-11 15:09:52.180000,1.16894,1.1689,2970000,1200000
2022-03-11 15:09:53.263000,1.16893,1.1689,2970000,1200000
2022-03-11 15:09:53.315000,1.16891,1.16887,2970000,1350000
2022-03-11 15:09:54.173000,1.16892,1.16889,3340000,1200000
2022-03-11 15:09:54.377000,1.16892,1.16889,1440000,1200000
2022-03-11 15:09:54.479000,1.16892,1.16889,2970000,1200000
2022-03-11 15:09:54.581000,1.16891,1.16888,1440000,1350000
2022-03-11 15:09:54.785000,1.16891,1.16888,2970000,1350000
2022-03-11 15:09:54.887000,1.16891,1.16887,2970000,1800000
2022-03-11 15:09:54.989000,1.1689,1.16887,2220000,1350000
2022-03-11 15:09:55.628000,1.16891,1.16887,3720000,1200000
2022-03-11 15:09:55.951000,1.16891,1.16888,1440000,1120000
2022-03-11 15:09:56.053000,1.16891,1.16888,2970000,1200000
2022-03-11 15:09:56.155000,1.16891,1.16888,1440000,1200000
2022-03-11 15:09:56.450000,1.16891,1.16888,2970000,1200000
2022-03-11 15:09:56.858000,1.16891,1.16888,1440000,1200000
2022-03-11 15:09:56.960000,1.16891,1.16888,3340000,1200000
2022-03-11 15:09:57.643000,1.16891,1.16887,3340000,1350000
2022-03-11 15:09:59.448000,1.1689,1.16886,2970000,1720000
2022-03-11 15:09:59.651000,1.16891,1.16887,4470000,1200000
2022-03-11 15:10:00.166000,1.1689,1.16887,2970000,1200000
2022-03-11 15:10:00.221000,1.16885,1.16884,1320000,1200000
2022-03-11 15:10:00.324000,1.16886,1.16884,1320000,1200000
2022-03-11 15:10:00.426000,1.16887,1.16884,1440000,1800000
2022-03-11 15:10:00.528000,1.16885,1.16883,1440000,1200000
2022-03-11 15:10:00.782000,1.16886,1.16884,1890000,1200000
2022-03-11 15:10:01.037000,1.16885,1.16884,1440000,1200000
2022-03-11 15:10:01.139000,1.16886,1.16884,1890000,1200000
2022-03-11 15:10:01.646000,1.16887,1.16883,2970000,1200000
2022-03-11 15:10:01.952000,1.16886,1.16884,1440000,1200000
2022-03-11 15:10:02.405000,1.16886,1.16884,2970000,1200000
2022-03-11 15:10:02.507000,1.16886,1.16884,1440000,1200000
2022-03-11 15:10:02.660000,1.16886,1.16884,2970000,1200000
2022-03-11 15:10:02.765000,1.16886,1.16884,1440000,1200000
2022-03-11 15:10:03.166000,1.16885,1.16884,1200000,1200000
2022-03-11 15:10:03.420000,1.16886,1.16884,1890000,1200000
2022-03-11 15:10:03.624000,1.16885,1.16884,1440000,1200000
2022-03-11 15:10:03.827000,1.16886,1.16884,1890000,1200000
2022-03-11 15:10:03.930000,1.16887,1.16884,1440000,1200000
2022-03-11 15:10:04.539000,1.16886,1.16884,2970000,1200000
2022-03-11 15:10:04.641000,1.16887,1.16883,1320000,1200000
2022-03-11 15:10:04.743000,1.16887,1.16884,1440000,1200000
2022-03-11 15:10:04.896000,1.16887,1.16884,2970000,1200000
2022-03-11 15:10:05.100000,1.16887,1.16884,1440000,1800000
2022-03-11 15:10:05.202000,1.16888,1.16885,1440000,1200000
2022-03-11 15:10:05.305000,1.16886,1.16884,1440000,1200000
2022-03-11 15:10:05.458000,1.16887,1.16884,1440000,2250000
2022-03-11 15:10:05.712000,1.16886,1.16884,3340000,1200000
2022-03-11 15:10:06.170000,1.16888,1.16883,1700000,2020000
2022-03-11 15:10:06.272000,1.16888,1.16884,2970000,2020000
2022-03-11 15:10:06.939000,1.16888,1.16885,1440000,1200000
2022-03-11 15:10:07.041000,1.16888,1.16885,2970000,1200000
2022-03-11 15:10:07.448000,1.16887,1.16884,1440000,1350000
2022-03-11 15:10:07.652000,1.16888,1.16885,2970000,1200000
2022-03-11 15:10:07.754000,1.16885,1.16882,1440000,2920000
2022-03-11 15:10:09.381000,1.16886,1.16883,3340000,1200000
2022-03-11 15:10:09.483000,1.16886,1.16883,1890000,1420000
2022-03-11 15:10:09.610000,1.16888,1.16884,2970000,1350000
2022-03-11 15:10:09.814000,1.16885,1.16882,1200000,2340000
2022-03-11 15:10:10.267000,1.16886,1.16883,1440000,1200000
2022-03-11 15:10:10.683000,1.16888,1.16883,1440000,1350000
2022-03-11 15:10:10.785000,1.16886,1.16883,1440000,1200000
2022-03-11 15:10:10.887000,1.16886,1.16883,3340000,1200000
2022-03-11 15:10:11.244000,1.16886,1.16883,1890000,1200000
2022-03-11 15:10:13.070000,1.16888,1.16883,1440000,1200000
2022-03-11 15:10:13.376000,1.16886,1.16882,1720000,1720000
2022-03-11 15:10:13.478000,1.16886,1.16882,1720000,1350000
2022-03-11 15:10:16.426000,1.16885,1.16881,1720000,1350000
2022-03-11 15:10:16.529000,1.16879,1.16877,1320000,1080000
2022-03-11 15:10:16.632000,1.16879,1.16876,1840000,1200000
2022-03-11 15:10:16.772000,1.16879,1.16875,1840000,1200000
2022-03-11 15:10:16.877000,1.16877,1.16874,1440000,1120000
2022-03-11 15:10:17.081000,1.16877,1.16873,2970000,11250000
2022-03-11 15:10:17.487000,1.16876,1.16873,1320000,1200000
2022-03-11 15:10:18.258000,1.16877,1.16874,1720000,1200000
2022-03-11 15:10:18.360000,1.16878,1.16873,1440000,1200000
2022-03-11 15:10:18.982000,1.16878,1.16875,1440000,1570000
2022-03-11 15:10:19.084000,1.16879,1.16876,1720000,1200000
2022-03-11 15:10:19.671000,1.1688,1.16877,1440000,1570000
2022-03-11 15:10:19.824000,1.16882,1.16877,2340000,1200000
2022-03-11 15:10:20.332000,1.16883,1.16879,1440000,1660000
2022-03-11 15:10:20.780000,1.16885,1.16881,1840000,2020000
2022-03-11 15:10:20.883000,1.16885,1.16882,1440000,2020000
2022-03-11 15:10:22.518000,1.16886,1.16883,1440000,1200000
2022-03-11 15:10:23.458000,1.16887,1.16883,1440000,2620000
2022-03-11 15:10:23.560000,1.16888,1.16885,1440000,1200000
2022-03-11 15:10:23.663000,1.16889,1.16886,1440000,1120000
2022-03-11 15:10:24.018000,1.1689,1.16886,1440000,1210000
2022-03-11 15:10:24.455000,1.16891,1.16888,1440000,1120000
2022-03-11 15:10:24.721000,1.16893,1.16889,2220000,2170000
2022-03-11 15:10:24.824000,1.16893,1.1689,1440000,2470000
2022-03-11 15:10:25.708000,1.16893,1.1689,1720000,2020000
2022-03-11 15:10:25.810000,1.16893,1.1689,1440000,1200000
2022-03-11 15:10:26.480000,1.16895,1.16892,1440000,2020000
2022-03-11 15:10:26.582000,1.16897,1.16893,3720000,1200000
2022-03-11 15:10:26.684000,1.16897,1.16893,2220000,1200000
2022-03-11 15:10:27.150000,1.16897,1.16893,1720000,2170000
2022-03-11 15:10:28.121000,1.16897,1.16894,1440000,1120000
2022-03-11 15:10:28.572000,1.16898,1.16892,3720000,1200000
2022-03-11 15:10:28.944000,1.16897,1.16893,2340000,1120000
2022-03-11 15:10:29.725000,1.16896,1.16893,1200000,1120000
2022-03-11 15:10:29.827000,1.16896,1.16892,1440000,1800000
2022-03-11 15:10:29.980000,1.16895,1.16892,1440000,1200000
2022-03-11 15:10:30.133000,1.16896,1.16893,1440000,1200000
2022-03-11 15:10:31.999000,1.16897,1.16894,1440000,1200000
2022-03-11 15:10:35.139000,1.16897,1.16892,1200000,1200000
2022-03-11 15:10:35.600000,1.16897,1.16894,1660000,1200000
2022-03-11 15:10:38.599000,1.16898,1.16894,2340000,1800000
2022-03-11 15:10:39.107000,1.16897,1.16893,1440000,2250000
2022-03-11 15:10:41.003000,1.16898,1.16895,1200000,1440000
2022-03-11 15:10:41.258000,1.16898,1.16894,1660000,1350000
2022-03-11 15:10:42.247000,1.16899,1.16895,2340000,1800000
2022-03-11 15:10:42.399000,1.16898,1.16894,1200000,2170000
2022-03-11 15:10:42.852000,1.16898,1.16894,1120000,1890000
2022-03-11 15:10:44.039000,1.16896,1.16893,1120000,1200000
2022-03-11 15:10:44.395000,1.16898,1.16893,1440000,1350000
2022-03-11 15:10:48.454000,1.16897,1.16893,1440000,1350000
2022-03-11 15:10:51.569000,1.16897,1.16893,1440000,1720000
2022-03-11 15:10:52.171000,1.16897,1.16892,1200000,1800000
2022-03-11 15:10:54.090000,1.16895,1.16893,1300000,1200000
2022-03-11 15:10:54.142000,1.16893,1.1689,1890000,1130000
2022-03-11 15:10:54.244000,1.16893,1.1689,1890000,1200000
2022-03-11 15:10:55.772000,1.16892,1.16889,1350000,1320000
2022-03-11 15:10:56.179000,1.1689,1.16887,1200000,1720000
2022-03-11 15:10:56.281000,1.16888,1.16884,2030000,1350000
2022-03-11 15:10:56.789000,1.16887,1.16884,1220000,1200000
2022-03-11 15:10:56.891000,1.16888,1.16884,3160000,1800000
2022-03-11 15:10:57.260000,1.16889,1.16886,1840000,1200000
2022-03-11 15:10:57.364000,1.16889,1.16886,1440000,1800000
2022-03-11 15:10:57.985000,1.16889,1.16885,2780000,2250000
2022-03-11 15:10:59.150000,1.16888,1.16885,2410000,1350000
2022-03-11 15:10:59.517000,1.16888,1.16884,2780000,1800000
2022-03-11 15:10:59.984000,1.16889,1.16883,1720000,2290000
2022-03-11 15:11:00.767000,1.16885,1.16883,1440000,1100000
2022-03-11 15:11:00.819000,1.16885,1.16881,1440000,2170000
2022-03-11 15:11:00.921000,1.16885,1.16881,1720000,1350000
2022-03-11 15:11:01.124000,1.16885,1.16881,1890000,1440000
2022-03-11 15:11:01.176000,1.16885,1.16883,1200000,1200000
2022-03-11 15:11:01.278000,1.16886,1.16883,1440000,1200000
2022-03-11 15:11:03.746000,1.16886,1.16882,1720000,1800000
2022-03-11 15:11:04.924000,1.16885,1.16882,1720000,1200000
2022-03-11 15:11:05.026000,1.16884,1.16881,1440000,1350000
2022-03-11 15:11:05.129000,1.16883,1.1688,1720000,1600000
2022-03-11 15:11:05.232000,1.16882,1.16879,1440000,1600000
2022-03-11 15:11:05.334000,1.16882,1.16878,1440000,2920000
2022-03-11 15:11:05.436000,1.16882,1.16878,1440000,2790000
2022-03-11 15:11:05.640000,1.16882,1.16878,1720000,2700000
2022-03-11 15:11:05.793000,1.16882,1.16879,1440000,1200000
2022-03-11 15:11:06.306000,1.16881,1.16879,1200000,1200000
2022-03-11 15:11:06.459000,1.16881,1.16878,1440000,1800000
2022-03-11 15:11:08.989000,1.16882,1.16879,1440000,1200000
2022-03-11 15:11:09.193000,1.16885,1.16881,1720000,1350000
2022-03-11 15:11:10.846000,1.16885,1.16881,1440000,2790000
2022-03-11 15:11:11.530000,1.16886,1.16883,1200000,1660000
2022-03-11 15:11:11.886000,1.16888,1.16885,1440000,1800000
2022-03-11 15:11:11.988000,1.16888,1.16885,1440000,2100000
2022-03-11 15:11:12.464000,1.16889,1.16885,1720000,1800000
2022-03-11 15:11:13.710000,1.16886,1.16884,1440000,1350000
2022-03-11 15:11:13.812000,1.16885,1.16882,1720000,1200000
2022-03-11 15:11:13.864000,1.16886,1.16882,2340000,2340000
2022-03-11 15:11:13.981000,1.16885,1.16882,1440000,2250000
2022-03-11 15:11:14.288000,1.16885,1.16881,1720000,1350000
2022-03-11 15:11:14.390000,1.16884,1.1688,1440000,4140000
2022-03-11 15:11:14.550000,1.16885,1.16882,1440000,1200000
2022-03-11 15:11:14.855000,1.16885,1.16882,1720000,1200000
2022-03-11 15:11:15.417000,1.16885,1.16882,1440000,1800000
2022-03-11 15:11:16.510000,1.16885,1.16882,1200000,1610000
2022-03-11 15:11:16.561000,1.16889,1.16886,2550000,1350000
2022-03-11 15:11:16.613000,1.16892,1.16888,1840000,2470000
2022-03-11 15:11:16.664000,1.16893,1.16888,1440000,1100000
2022-03-11 15:11:17.825000,1.16893,1.16887,1440000,2170000
2022-03-11 15:11:19.504000,1.16891,1.16888,1440000,1350000
2022-03-11 15:11:19.657000,1.16891,1.16887,1720000,1800000
2022-03-11 15:11:20.289000,1.16889,1.16886,1440000,1100000
2022-03-11 15:11:20.340000,1.16889,1.16885,1440000,3150000
2022-03-11 15:11:20.493000,1.16887,1.16885,1200000,2250000
2022-03-11 15:11:20.594000,1.16889,1.16885,1440000,2250000
2022-03-11 15:11:21.031000,1.16886,1.16884,1200000,2470000
2022-03-11 15:11:21.133000,1.16886,1.16884,1200000,2250000
2022-03-11 15:11:21.572000,1.16887,1.16885,1200000,1200000
2022-03-11 15:11:23.324000,1.16886,1.16884,1200000,1800000
2022-03-11 15:11:23.789000,1.16888,1.16885,1440000,1200000
2022-03-11 15:11:23.891000,1.16888,1.16884,1440000,1800000
2022-03-11 15:11:23.942000,1.16886,1.16884,1200000,1800000
2022-03-11 15:11:24.268000,1.16888,1.16884,1440000,1800000
2022-03-11 15:11:24.402000,1.16886,1.16884,1200000,1800000
2022-03-11 15:11:24.593000,1.16888,1.16884,1440000,2100000
2022-03-11 15:11:24.747000,1.16888,1.16884,1440000,1800000
2022-03-11 15:11:24.900000,1.16886,1.16884,1200000,1800000
2022-03-11 15:11:24.951000,1.16888,1.16884,1440000,1800000
2022-03-11 15:11:25.002000,1.16886,1.16884,1200000,1800000
2022-03-11 15:11:25.054000,1.16888,1.16884,1440000,1800000
2022-03-11 15:11:25.700000,1.16884,1.16882,1200000,1100000
2022-03-11 15:11:25.751000,1.16884,1.1688,1440000,3150000
2022-03-11 15:11:26.596000,1.16885,1.16882,1440000,1200000
2022-03-11 15:11:30.273000,1.16885,1.16881,1440000,2700000
2022-03-11 15:11:30.774000,1.16886,1.1688,1440000,2850000
2022-03-11 15:11:32.350000,1.16885,1.1688,1440000,2250000
2022-03-11 15:11:32.453000,1.16884,1.1688,1440000,3150000
2022-03-11 15:11:32.656000,1.16886,1.16882,1720000,1800000
2022-03-11 15:11:32.758000,1.16887,1.16883,1440000,4050000
2022-03-11 15:11:32.911000,1.16884,1.16882,1200000,1350000
2022-03-11 15:11:33.458000,1.16884,1.1688,1440000,2850000
2022-03-11 15:11:34.423000,1.16884,1.1688,1440000,2700000
2022-03-11 15:11:39.021000,1.16884,1.1688,1720000,2700000
2022-03-11 15:11:41.345000,1.16883,1.1688,1970000,1200000
2022-03-11 15:11:41.465000,1.16882,1.16878,1440000,3970000
2022-03-11 15:11:41.825000,1.16882,1.16878,1440000,4500000
2022-03-11 15:11:41.927000,1.16881,1.16878,1440000,3150000
2022-03-11 15:11:42.462000,1.1688,1.16876,1660000,5100000
2022-03-11 15:11:43.081000,1.1688,1.16877,1200000,1720000
2022-03-11 15:11:43.326000,1.16882,1.16877,1440000,1350000
2022-03-11 15:11:44.097000,1.16881,1.16878,1440000,1100000
2022-03-11 15:11:45.159000,1.16881,1.16877,1660000,2470000
2022-03-11 15:11:47.967000,1.16882,1.16876,2030000,1350000
2022-03-11 15:11:48.069000,1.16877,1.16874,1440000,1200000
2022-03-11 15:11:48.698000,1.16877,1.16873,1440000,2700000
2022-03-11 15:11:48.800000,1.16876,1.16873,1440000,1200000
2022-03-11 15:11:49.805000,1.16876,1.16873,1440000,2100000
2022-03-11 15:11:50.162000,1.16878,1.16874,1720000,1350000
2022-03-11 15:11:51.366000,1.16879,1.16876,1440000,1350000
2022-03-11 15:11:52.444000,1.1688,1.16877,1120000,1800000
2022-03-11 15:11:52.546000,1.16881,1.16878,1200000,2250000
2022-03-11 15:11:52.648000,1.16882,1.16879,1440000,1100000
2022-03-11 15:11:52.750000,1.16882,1.16879,1440000,1200000
2022-03-11 15:11:53.258000,1.16881,1.16877,1720000,2850000
2022-03-11 15:11:53.361000,1.16881,1.16877,1440000,2850000
2022-03-11 15:11:54.157000,1.16881,1.16877,1720000,1720000
2022-03-11 15:11:54.310000,1.16881,1.16877,1720000,1350000
2022-03-11 15:11:55.257000,1.16881,1.16877,1440000,2850000
2022-03-11 15:11:56.262000,1.16881,1.16878,1440000,1720000
2022-03-11 15:11:59.252000,1.16881,1.16878,1440000,1350000
2022-03-11 15:11:59.305000,1.1688,1.16876,1440000,2700000
2022-03-11 15:12:00.116000,1.16878,1.16875,1440000,1200000
2022-03-11 15:12:00.320000,1.16879,1.16875,1440000,2250000
2022-03-11 15:12:00.524000,1.16879,1.16875,1720000,2250000
2022-03-11 15:12:00.626000,1.16879,1.16875,1440000,2250000
2022-03-11 15:12:00.881000,1.16878,1.16875,1440000,1350000
2022-03-11 15:12:02.183000,1.16878,1.16874,1200000,2920000
2022-03-11 15:12:02.286000,1.16878,1.16874,1720000,2470000
2022-03-11 15:12:03.526000,1.16879,1.16876,1440000,1350000
2022-03-11 15:12:03.628000,1.16879,1.16875,2410000,2470000
2022-03-11 15:12:04.097000,1.16879,1.16875,1720000,2250000
2022-03-11 15:12:04.200000,1.16879,1.16876,1440000,1800000
2022-03-11 15:12:04.251000,1.1688,1.16877,1200000,1720000
2022-03-11 15:12:04.354000,1.16881,1.16877,1440000,2100000
2022-03-11 15:12:05.529000,1.16879,1.16877,1200000,1100000
2022-03-11 15:12:05.597000,1.16879,1.16876,1720000,1200000
2022-03-11 15:12:05.705000,1.16878,1.16875,1440000,1800000
2022-03-11 15:12:07.558000,1.16877,1.16874,1440000,1350000
2022-03-11 15:12:07.863000,1.16877,1.16874,1720000,1350000
2022-03-11 15:12:08.067000,1.16878,1.16873,1440000,1350000
2022-03-11 15:12:08.321000,1.16878,1.16875,1440000,1350000
2022-03-11 15:12:08.539000,1.16878,1.16874,1440000,2700000
2022-03-11 15:12:08.818000,1.16877,1.16873,1440000,2100000
2022-03-11 15:12:08.920000,1.16876,1.16873,1200000,1720000
2022-03-11 15:12:09.337000,1.16877,1.16874,1200000,1200000
2022-03-11 15:12:10.834000,1.16878,1.16875,1440000,1200000
2022-03-11 15:12:10.936000,1.16878,1.16874,1440000,2700000
2022-03-11 15:12:11.700000,1.16879,1.16875,1720000,1200000
2022-03-11 15:12:13.287000,1.16879,1.16876,1200000,1200000
2022-03-11 15:12:13.338000,1.16881,1.16878,2560000,1200000
2022-03-11 15:12:13.440000,1.16881,1.16878,1660000,1720000
2022-03-11 15:12:14.341000,1.16882,1.16879,2340000,1200000
2022-03-11 15:12:14.708000,1.16883,1.16879,1720000,2100000
2022-03-11 15:12:14.810000,1.16883,1.16879,1440000,2700000
2022-03-11 15:12:14.911000,1.16883,1.1688,1440000,1200000
2022-03-11 15:12:16.823000,1.16883,1.16879,1970000,1800000
2022-03-11 15:12:17.186000,1.16882,1.16878,1440000,2700000
2022-03-11 15:12:17.288000,1.16882,1.16878,1720000,1800000
2022-03-11 15:12:17.492000,1.16882,1.16878,1440000,2250000
2022-03-11 15:12:19.316000,1.16884,1.16878,2220000,1350000
2022-03-11 15:12:22.511000,1.16883,1.16879,1440000,2850000
2022-03-11 15:12:23.026000,1.16883,1.16879,1970000,2250000
2022-03-11 15:12:26.596000,1.16881,1.16878,1440000,1350000
2022-03-11 15:12:26.919000,1.16882,1.16878,1720000,2850000
2022-03-11 15:12:27.098000,1.16882,1.16878,1440000,2850000
2022-03-11 15:12:29.083000,1.16882,1.16878,2340000,2700000
2022-03-11 15:12:29.650000,1.16883,1.16877,3160000,1800000
2022-03-11 15:12:30.845000,1.16882,1.1688,1200000,2250000
2022-03-11 15:12:30.948000,1.16884,1.1688,1840000,3600000
2022-03-11 15:12:31.050000,1.16885,1.16881,1720000,1350000
2022-03-11 15:12:31.152000,1.16885,1.16881,1440000,1350000
2022-03-11 15:12:32.046000,1.16885,1.16881,1440000,1720000
2022-03-11 15:12:32.811000,1.16885,1.16883,1200000,1200000
2022-03-11 15:12:32.863000,1.16887,1.16883,1660000,1200000
2022-03-11 15:12:32.965000,1.16886,1.16882,1440000,2700000
2022-03-11 15:12:33.371000,1.16886,1.16882,1440000,2850000
2022-03-11 15:12:34.008000,1.16885,1.16881,1720000,2700000
2022-03-11 15:12:35.123000,1.16885,1.16881,1720000,3600000
2022-03-11 15:12:35.225000,1.16885,1.16882,1440000,1350000
2022-03-11 15:12:36.658000,1.16886,1.16883,1660000,1350000
2022-03-11 15:12:36.761000,1.16886,1.16882,1720000,3150000
2022-03-11 15:12:36.863000,1.16885,1.16881,1970000,1350000
2022-03-11 15:12:37.642000,1.16885,1.16881,1890000,2700000
2022-03-11 15:12:37.795000,1.16885,1.16881,1840000,2700000
2022-03-11 15:12:38.603000,1.16885,1.16882,1840000,1200000
2022-03-11 15:12:41.376000,1.16886,1.16882,1890000,1800000
2022-03-11 15:12:41.478000,1.16886,1.16882,1440000,2100000
2022-03-11 15:12:43.333000,1.16886,1.16882,2110000,1350000
2022-03-11 15:12:43.384000,1.16885,1.16881,2030000,2700000
2022-03-11 15:12:45.150000,1.16884,1.1688,1720000,3600000
2022-03-11 15:12:45.406000,1.16885,1.16881,1840000,1350000
2022-03-11 15:12:46.382000,1.16885,1.16881,1720000,1720000
2022-03-11 15:12:47.312000,1.16886,1.16882,1840000,3370000
2022-03-11 15:12:47.414000,1.16887,1.16883,1720000,1350000
2022-03-11 15:12:47.516000,1.16886,1.16882,2110000,1200000
2022-03-11 15:12:47.618000,1.16886,1.16882,2780000,1200000
2022-03-11 15:12:47.722000,1.16887,1.16883,2780000,1240000
2022-03-11 15:12:48.129000,1.16887,1.16883,3530000,1200000
2022-03-11 15:12:48.460000,1.16888,1.16884,1440000,1200000
2022-03-11 15:12:49.178000,1.16886,1.16883,1970000,1200000
2022-03-11 15:12:49.305000,1.16887,1.16883,2780000,1350000
2022-03-11 15:12:49.406000,1.16888,1.16882,2780000,1240000
2022-03-11 15:12:49.560000,1.16887,1.16883,3530000,1200000
2022-03-11 15:12:50.611000,1.16887,1.16883,1440000,1800000
2022-03-11 15:12:53.535000,1.16887,1.16883,1440000,1720000
2022-03-11 15:12:53.801000,1.16888,1.16885,1440000,1350000
2022-03-11 15:12:54.006000,1.16888,1.16884,2220000,1350000
2022-03-11 15:12:56.167000,1.16889,1.16883,2790000,1200000
2022-03-11 15:12:56.949000,1.16888,1.16883,1840000,1200000
2022-03-11 15:12:57.102000,1.16887,1.16883,1840000,1350000
2022-03-11 15:12:57.850000,1.16888,1.16882,1890000,1350000
2022-03-11 15:12:58.566000,1.16888,1.16885,2220000,1200000
2022-03-11 15:12:58.668000,1.16888,1.16885,1440000,1200000
2022-03-11 15:13:00.232000,1.16888,1.16885,1440000,2100000
2022-03-11 15:13:00.335000,1.16892,1.16889,1440000,1350000
2022-03-11 15:13:00.436000,1.16892,1.16889,1440000,1720000
2022-03-11 15:13:01.381000,1.16894,1.16888,1720000,1350000
2022-03-11 15:13:02.288000,1.16893,1.16889,1720000,1720000
2022-03-11 15:13:02.746000,1.16893,1.16889,1720000,2250000
2022-03-11 15:13:02.949000,1.16895,1.16892,1720000,1200000
2022-03-11 15:13:03.052000,1.16896,1.16893,1720000,1350000
2022-03-11 15:13:04.009000,1.16894,1.1689,2590000,3600000
2022-03-11 15:13:04.111000,1.16893,1.1689,1720000,1200000
2022-03-11 15:13:04.213000,1.16893,1.16889,1720000,1200000
2022-03-11 15:13:04.936000,1.16894,1.1689,4470000,1200000
2022-03-11 15:13:06.337000,1.16894,1.1689,1840000,1200000
2022-03-11 15:13:15.644000,1.16893,1.16889,1440000,1200000
2022-03-11 15:13:15.746000,1.16893,1.16889,1720000,1200000
2022-03-11 15:13:15.848000,1.16893,1.1689,1720000,1200000
2022-03-11 15:13:16.110000,1.16893,1.1689,1440000,1200000
2022-03-11 15:13:16.266000,1.16894,1.16891,1440000,1200000
2022-03-11 15:13:16.673000,1.16894,1.1689,1440000,1350000
2022-03-11 15:13:16.876000,1.16893,1.1689,1440000,1200000
2022-03-11 15:13:17.294000,1.16894,1.16891,1660000,1200000
2022-03-11 15:13:17.548000,1.16893,1.1689,1440000,1200000
2022-03-11 15:13:17.650000,1.16893,1.1689,1840000,1200000
2022-03-11 15:13:17.752000,1.16893,1.16889,1720000,1200000
2022-03-11 15:13:19.087000,1.16893,1.1689,1720000,1200000
2022-03-11 15:13:22.531000,1.16895,1.16892,1440000,1350000
2022-03-11 15:13:22.633000,1.16897,1.16892,1720000,1720000
2022-03-11 15:13:22.747000,1.16896,1.16893,1440000,1720000
2022-03-11 15:13:23.431000,1.16898,1.16894,1840000,1350000
2022-03-11 15:13:23.533000,1.16898,1.16894,1720000,2100000
2022-03-11 15:13:24.433000,1.16899,1.16893,1840000,1350000
2022-03-11 15:13:26.512000,1.16898,1.16894,1720000,2100000
2022-03-11 15:13:26.614000,1.16898,1.16894,1440000,2850000
2022-03-11 15:13:26.767000,1.16901,1.16897,2680000,2920000
2022-03-11 15:13:26.920000,1.16901,1.16896,1970000,1800000
2022-03-11 15:13:27.022000,1.16899,1.16895,1440000,2700000
2022-03-11 15:13:27.124000,1.16899,1.16895,1720000,2700000
2022-03-11 15:13:27.226000,1.16898,1.16894,1720000,2850000
2022-03-11 15:13:28.006000,1.16898,1.16894,1720000,1350000
2022-03-11 15:13:30.586000,1.16899,1.16893,1440000,1350000
2022-03-11 15:13:31.172000,1.16898,1.16894,1720000,1350000
2022-03-11 15:13:31.274000,1.16898,1.16894,1720000,1720000
2022-03-11 15:13:32,1.16898,1.16895,2340000,1100000
2022-03-11 15:13:32.102000,1.16898,1.16894,1440000,1720000
2022-03-11 15:13:32.325000,1.16898,1.16894,1720000,2100000
2022-03-11 15:13:32.943000,1.16898,1.16894,2220000,1800000
2022-03-11 15:13:33.311000,1.16898,1.16894,5030000,1200000
2022-03-11 15:13:36.226000,1.16894,1.16892,2020000,1100000
2022-03-11 15:13:36.278000,1.16894,1.1689,2780000,3150000
2022-03-11 15:13:36.380000,1.16893,1.1689,1720000,1800000
2022-03-11 15:13:39.608000,1.16894,1.16891,2790000,1350000
2022-03-11 15:13:39.711000,1.16895,1.16891,1200000,1350000
2022-03-11 15:13:39.813000,1.16896,1.16892,2780000,1350000
2022-03-11 15:13:40.195000,1.16896,1.16892,2340000,2100000
2022-03-11 15:13:40.416000,1.16897,1.16894,2970000,1200000
2022-03-11 15:13:43.541000,1.16897,1.16894,1440000,2290000
2022-03-11 15:13:43.643000,1.16898,1.16895,1440000,1720000
2022-03-11 15:13:43.745000,1.16899,1.16895,3460000,2100000
2022-03-11 15:13:44.014000,1.16899,1.16895,2560000,1800000
2022-03-11 15:13:44.117000,1.16899,1.16897,2560000,1200000
2022-03-11 15:13:44.258000,1.16899,1.16896,3460000,1350000
2022-03-11 15:13:44.360000,1.16899,1.16896,3160000,1350000
2022-03-11 15:13:44.721000,1.16899,1.16895,3160000,1800000
2022-03-11 15:13:44.822000,1.16899,1.16895,3160000,1720000
2022-03-11 15:13:45.817000,1.16899,1.16895,2410000,1800000
2022-03-11 15:13:46.603000,1.16899,1.16895,2560000,1800000
2022-03-11 15:13:47.787000,1.16898,1.16894,1840000,1800000
2022-03-11 15:13:47.889000,1.16897,1.16893,2590000,1800000
2022-03-11 15:13:47.992000,1.16897,1.16893,2790000,1800000
2022-03-11 15:13:48.094000,1.16897,1.16894,1890000,1200000
2022-03-11 15:13:48.473000,1.16896,1.16893,1200000,1720000
2022-03-11 15:13:48.930000,1.16897,1.16893,1440000,2100000
2022-03-11 15:13:49.479000,1.16898,1.16892,1890000,2250000
2022-03-11 15:13:49.632000,1.16896,1.16893,1440000,1800000
2022-03-11 15:13:49.734000,1.16896,1.16892,2590000,2250000
2022-03-11 15:13:50.010000,1.16896,1.16893,1440000,1200000
2022-03-11 15:13:50.163000,1.16898,1.16893,2590000,1200000
2022-03-11 15:13:50.265000,1.16897,1.16893,2590000,1800000
2022-03-11 15:13:50.835000,1.16899,1.16896,1220000,1800000
2022-03-11 15:13:51.191000,1.16898,1.16894,2340000,2100000
2022-03-11 15:13:51.343000,1.16898,1.16894,2340000,1800000
2022-03-11 15:13:52.363000,1.16896,1.16894,1200000,1100000
2022-03-11 15:13:52.465000,1.16896,1.16893,1440000,1720000
2022-03-11 15:13:52.873000,1.16896,1.16893,1440000,1350000
2022-03-11 15:13:53.968000,1.16896,1.16892,2220000,1720000
2022-03-11 15:13:54.070000,1.16893,1.1689,1440000,3600000
2022-03-11 15:13:54.172000,1.16894,1.16888,1440000,3970000
2022-03-11 15:13:54.274000,1.16893,1.16889,1440000,3600000
2022-03-11 15:13:55.108000,1.16893,1.16889,2340000,2850000
2022-03-11 15:13:57.601000,1.16893,1.16889,2220000,2100000
2022-03-11 15:13:57.703000,1.16892,1.16889,1440000,1350000
2022-03-11 15:14:00.082000,1.16892,1.16888,1440000,2700000
2022-03-11 15:14:00.184000,1.16893,1.16891,1200000,1200000
2022-03-11 15:14:00.287000,1.16895,1.16891,2220000,1200000
2022-03-11 15:14:00.389000,1.16895,1.16891,2340000,1350000
2022-03-11 15:14:00.492000,1.16896,1.16893,1440000,2100000
2022-03-11 15:14:01.431000,1.16897,1.16893,2220000,1800000
2022-03-11 15:14:02.459000,1.16897,1.16893,1720000,2470000
2022-03-11 15:14:03.779000,1.16897,1.16894,1440000,1100000
2022-03-11 15:14:03.886000,1.16897,1.16893,1440000,2290000
2022-03-11 15:14:04.828000,1.16897,1.16893,1440000,2250000
2022-03-11 15:14:05.054000,1.16895,1.16891,1440000,1200000
2022-03-11 15:14:05.156000,1.16894,1.16891,1660000,2250000
2022-03-11 15:14:05.309000,1.16894,1.1689,2560000,1350000
2022-03-11 15:14:05.411000,1.16893,1.16889,2410000,1800000
2022-03-11 15:14:06.305000,1.16891,1.16888,1720000,1200000
2022-03-11 15:14:06.408000,1.1689,1.16886,1840000,2250000
2022-03-11 15:14:06.614000,1.1689,1.16886,1440000,2470000
2022-03-11 15:14:07.698000,1.16892,1.16888,4470000,1200000
2022-03-11 15:14:07.953000,1.16892,1.16889,1440000,1800000
2022-03-11 15:14:08.818000,1.16892,1.16888,1720000,3600000
2022-03-11 15:14:09.841000,1.16893,1.16887,1720000,2100000
2022-03-11 15:14:10.391000,1.16893,1.1689,2220000,1350000
2022-03-11 15:14:11.404000,1.16894,1.16888,2220000,1350000
2022-03-11 15:14:12.109000,1.16893,1.1689,2220000,1200000
2022-03-11 15:14:14.690000,1.16893,1.16889,2220000,1200000
2022-03-11 15:14:14.842000,1.16893,1.16889,2340000,2700000
2022-03-11 15:14:14.945000,1.16893,1.16891,1200000,1350000
2022-03-11 15:14:15.047000,1.16896,1.16893,1440000,1350000
2022-03-11 15:14:15.403000,1.16893,1.16891,1200000,1720000
2022-03-11 15:14:15.505000,1.16893,1.1689,2340000,1910000
2022-03-11 15:14:15.617000,1.16893,1.1689,2340000,1570000
2022-03-11 15:14:15.720000,1.16893,1.1689,2220000,1350000
2022-03-11 15:14:16.076000,1.16892,1.16889,1440000,1200000
2022-03-11 15:14:16.717000,1.16893,1.16888,1720000,1200000
2022-03-11 15:14:17.072000,1.16893,1.16888,1440000,1200000
2022-03-11 15:14:17.735000,1.16893,1.1689,2220000,1200000
2022-03-11 15:14:17.837000,1.16893,1.1689,2340000,1200000
2022-03-11 15:14:18.160000,1.16893,1.1689,2220000,1200000
2022-03-11 15:14:18.211000,1.16892,1.16888,1720000,1800000
2022-03-11 15:14:18.364000,1.16893,1.16888,1720000,1200000
2022-03-11 15:14:18.719000,1.16892,1.16889,1440000,1200000
2022-03-11 15:14:18.855000,1.16893,1.16888,1720000,1200000
2022-03-11 15:14:19.518000,1.16892,1.16889,1440000,1200000
2022-03-11 15:14:19.726000,1.16891,1.16888,1720000,1200000
2022-03-11 15:14:19.828000,1.16891,1.16888,1440000,1200000
2022-03-11 15:14:25.343000,1.16891,1.16888,2030000,1200000
2022-03-11 15:14:27.709000,1.16891,1.16888,1440000,1350000
2022-03-11 15:14:33.319000,1.16892,1.16888,2790000,1720000
2022-03-11 15:14:33.742000,1.16892,1.16888,1660000,2250000
2022-03-11 15:14:33.844000,1.16891,1.16888,1200000,2250000
2022-03-11 15:14:33.958000,1.16892,1.16889,1440000,1200000
2022-03-11 15:14:34.061000,1.16891,1.16887,1720000,2250000
2022-03-11 15:14:34.218000,1.1689,1.16888,1320000,1200000
2022-03-11 15:14:37.076000,1.16891,1.16888,1350000,1200000
2022-03-11 15:14:37.390000,1.16891,1.16888,1840000,1350000
2022-03-11 15:14:45.393000,1.1689,1.16887,1440000,2250000
2022-03-11 15:14:45.495000,1.1689,1.16886,2970000,1800000
2022-03-11 15:14:45.597000,1.16888,1.16884,2550000,2470000
2022-03-11 15:14:45.649000,1.16887,1.16884,1020000,2250000
2022-03-11 15:14:48.197000,1.16889,1.16885,3530000,2250000
2022-03-11 15:14:48.350000,1.16888,1.16885,1840000,1200000
2022-03-11 15:14:49.128000,1.16888,1.16883,1660000,1350000
2022-03-11 15:14:51.640000,1.16886,1.16883,1320000,1350000
2022-03-11 15:14:51.742000,1.16885,1.16882,1440000,1200000
2022-03-11 15:14:52.199000,1.16887,1.16883,2590000,1200000
2022-03-11 15:14:52.916000,1.16885,1.16882,1200000,2850000
2022-03-11 15:14:53.921000,1.16885,1.16882,1200000,2700000
2022-03-11 15:14:55.479000,1.16883,1.16881,1660000,1200000
2022-03-11 15:14:55.581000,1.16881,1.16879,1020000,1200000
2022-03-11 15:14:55.785000,1.16882,1.16879,1440000,1800000
2022-03-11 15:14:57.300000,1.16883,1.1688,2030000,1200000
2022-03-11 15:14:57.351000,1.16885,1.16881,1840000,1800000
2022-03-11 15:14:57.453000,1.16885,1.16882,1440000,1350000
2022-03-11 15:14:57.555000,1.16885,1.16883,1440000,1200000
2022-03-11 15:14:57.998000,1.16885,1.16882,1440000,1350000
2022-03-11 15:14:58.194000,1.16885,1.16883,1440000,1200000
2022-03-11 15:14:58.669000,1.16885,1.16882,1440000,1200000
2022-03-11 15:15:00.951000,1.16885,1.16882,1720000,1200000
